2 2928 1
6 3172 1
7 2952 1
7 3603 1
9 752 1
9 4057 1
9 4467 1
9 4896 1
9 4998 1
11 1136 1
11 1359 1
11 4253 1
13 4259 1
13 4306 1
14 1515 1
14 3147 1
18 1504 1
19 415 1
24 1 1
24 3060 1
28 2945 1
33 616 1
33 655 1
33 657 1
33 1243 1
33 1981 1
33 2043 1
33 2620 1
33 3054 1
33 3462 1
33 4205 1
33 4469 1
33 4609 1
45 880 1
50 1180 1
51 2126 1
60 338 1
60 1053 1
60 3560 1
60 3714 1
60 3836 1
69 544 1
69 3529 1
70 635 1
70 731 1
70 915 1
74 3010 1
74 3708 1
74 3749 1
87 1510 1
87 2155 1
87 3318 1
87 3338 1
87 4223 1
87 4907 1
94 504 1
94 681 1
94 992 1
94 1926 1
94 2038 1
94 4035 1
94 4841 1
103 1235 1
103 2468 1
103 3419 1
106 234 1
106 774 1
106 1062 1
106 1453 1
106 3439 1
106 3576 1
106 3636 1
106 3724 1
106 4293 1
106 4573 1
106 4722 1
107 3197 1
107 4023 1
107 4653 1
109 4725 1
114 3714 1
118 752 1
118 3740 1
122 177 1
122 1209 1
122 3897 1
122 4476 1
124 887 1
124 2254 1
124 4100 1
129 779 1
129 4720 1
130 2035 1
130 4161 1
130 4486 1
132 3901 1
137 1643 1
138 4846 1
141 1753 1
141 2513 1
141 2876 1
141 3511 1
141 3684 1
141 4673 1
142 641 1
145 291 1
145 1515 1
145 2820 1
145 2871 1
145 3147 1
145 3314 1
145 3439 1
145 3467 1
146 1358 1
151 1199 1
152 28 1
152 177 1
152 1640 1
152 2272 1
152 2655 1
154 1521 1
154 1972 1
154 2123 1
154 2996 1
154 3820 1
154 4246 1
154 4598 1
155 141 1
155 1339 1
156 4729 1
158 1358 1
159 1591 1
160 3147 1
160 3288 1
164 2620 1
164 3416 1
168 1016 1
168 3469 1
173 423 1
173 939 1
173 1168 1
173 2085 1
173 2439 1
173 2517 1
173 2553 1
173 2727 1
173 2793 1
173 2821 1
173 2881 1
173 2945 1
173 3170 1
173 3530 1
173 4374 1
173 4739 1
178 1 1
178 1689 1
178 2043 1
178 2620 1
178 3786 1
178 4253 1
178 4469 1
185 3311 1
186 4293 1
189 1526 1
189 4602 1
191 1226 1
192 457 1
192 3038 1
192 3991 1
192 4467 1
196 4907 1
198 358 1
198 4720 1
203 125 1
203 3305 1
203 4987 1
204 746 1
211 1161 1
212 544 1
213 1579 1
213 1847 1
214 2883 1
214 2996 1
214 3293 1
214 4200 1
214 4643 1
218 303 1
218 3547 1
222 212 1
222 3176 1
222 3897 1
222 4182 1
231 1904 1
231 2271 1
236 3490 1
238 2470 1
238 2639 1
238 2928 1
245 1385 1
245 1521 1
245 2214 1
245 2616 1
245 3030 1
245 4070 1
245 4300 1
247 125 1
247 371 1
247 820 1
247 1161 1
247 1435 1
247 1633 1
247 2115 1
247 3257 1
247 3529 1
247 4635 1
256 2472 1
257 69 1
257 807 1
261 79 1
261 641 1
261 746 1
261 1693 1
261 1771 1
261 2453 1
261 3079 1
261 3256 1
261 3776 1
261 4100 1
261 4232 1
261 4588 1
263 4270 1
263 4692 1
264 1920 1
264 2717 1
268 3257 1
270 1693 1
270 4448 1
270 4725 1
271 657 1
271 2254 1
271 4096 1
273 4566 1
274 544 1
275 133 1
275 1053 1
275 1613 1
275 2061 1
275 4284 1
275 4331 1
277 3897 1
279 121 1
279 417 1
279 752 1
279 1498 1
279 2318 1
279 2381 1
279 3038 1
281 581 1
281 631 1
281 682 1
281 2596 1
281 2880 1
281 3740 1
286 1815 1
286 3132 1
289 2120 1
289 2583 1
293 295 1
293 3146 1
300 3702 1
300 3741 1
300 4671 1
306 396 1
306 421 1
306 847 1
306 2757 1
310 119 1
310 121 1
310 663 1
310 743 1
310 752 1
310 818 1
310 1220 1
310 2453 1
310 2480 1
310 2845 1
310 3272 1
310 3971 1
310 3974 1
310 4024 1
310 4139 1
310 4467 1
310 4515 1
310 4589 1
310 4601 1
310 4652 1
310 4655 1
310 4821 1
316 371 1
316 581 1
316 1690 1
316 3447 1
316 4057 1
323 1199 1
323 4118 1
323 4907 1
326 3490 1
328 2647 1
328 3783 1
328 4784 1
328 4997 1
336 2882 1
338 2155 1
338 2204 1
338 2343 1
338 3318 1
338 4223 1
341 2897 1
342 369 1
342 800 1
342 2135 1
342 2465 1
342 2567 1
342 3286 1
342 3968 1
342 4555 1
342 4663 1
347 408 1
347 417 1
347 642 1
347 4753 1
348 1359 1
348 3937 1
348 4253 1
348 4804 1
350 2850 1
350 3558 1
350 4682 1
350 4815 1
352 2754 1
352 4785 1
354 877 1
354 1880 1
354 2415 1
354 4609 1
356 61 1
356 521 1
356 2185 1
356 3650 1
358 271 1
358 3950 1
359 3311 1
360 791 1
360 4126 1
363 819 1
363 1833 1
363 2339 1
363 3214 1
363 3237 1
363 4057 1
363 4386 1
363 4655 1
363 4725 1
363 4998 1
364 3314 1
364 4255 1
365 4226 1
365 4927 1
367 121 1
368 1508 1
368 2343 1
368 4765 1
376 1016 1
376 1623 1
383 3447 1
388 482 1
390 3636 1
390 4209 1
398 612 1
398 987 1
398 2135 1
398 2665 1
398 4663 1
402 308 1
405 1209 1
405 1673 1
405 3103 1
405 4363 1
405 4593 1
407 366 1
407 2998 1
407 3708 1
407 3749 1
407 3816 1
407 4160 1
408 4285 1
410 22 1
410 818 1
410 1634 1
410 3644 1
410 3986 1
410 4270 1
410 4566 1
410 4937 1
411 3469 1
411 4206 1
413 2119 1
413 4078 1
413 4698 1
419 3311 1
420 2973 1
420 3132 1
420 4596 1
425 96 1
425 544 1
425 758 1
425 1882 1
425 2125 1
425 2470 1
425 3036 1
425 3072 1
425 4987 1
427 177 1
427 3619 1
428 915 1
428 2214 1
428 4670 1
431 3583 1
433 606 1
433 723 1
433 2430 1
433 3193 1
433 3665 1
433 4350 1
433 4532 1
433 4807 1
433 4895 1
435 209 1
435 492 1
435 648 1
435 731 1
435 737 1
435 1525 1
435 1526 1
435 3528 1
435 3931 1
435 4375 1
435 4602 1
435 4866 1
441 4209 1
441 4243 1
441 4854 1
445 2474 1
446 402 1
446 915 1
446 2357 1
446 3057 1
446 4902 1
448 2254 1
448 2963 1
448 3520 1
448 4964 1
450 1242 1
450 2119 1
450 4078 1
450 4285 1
450 4386 1
450 4510 1
451 3138 1
451 3815 1
451 4109 1
451 4487 1
453 2928 1
455 1171 1
455 1545 1
455 1797 1
455 2095 1
455 2982 1
455 4146 1
455 4892 1
462 437 1
462 3286 1
470 4300 1
471 1125 1
471 1346 1
471 2489 1
471 2865 1
471 3204 1
471 3305 1
474 75 1
474 4611 1
475 4602 1
476 469 1
476 1797 1
476 3984 1
479 521 1
482 434 1
482 1890 1
482 4448 1
485 2324 1
485 3194 1
491 1230 1
496 368 1
496 4573 1
498 271 1
498 1385 1
498 3950 1
498 4070 1
502 4206 1
503 2762 1
508 1686 1
508 1952 1
508 3925 1
508 4449 1
515 625 1
516 2155 1
520 3950 1
521 4206 1
522 469 1
522 659 1
522 851 1
522 1510 1
522 2321 1
522 2349 1
522 2452 1
522 2998 1
522 3869 1
522 4331 1
522 4733 1
527 48 1
527 307 1
527 544 1
527 730 1
527 1203 1
527 1754 1
527 2826 1
527 2923 1
527 4271 1
540 249 1
545 152 1
545 341 1
545 998 1
545 1991 1
545 2183 1
545 2930 1
545 3193 1
545 3237 1
545 4404 1
546 341 1
546 417 1
546 750 1
546 752 1
546 873 1
546 2411 1
546 3144 1
546 3481 1
546 3643 1
546 4490 1
546 4896 1
546 4998 1
552 1426 1
552 1714 1
552 3045 1
552 4317 1
555 2882 1
559 625 1
559 982 1
559 2020 1
559 3783 1
559 4846 1
565 1463 1
565 3665 1
569 2120 1
569 2581 1
573 2620 1
576 1890 1
586 347 1
586 1169 1
586 1400 1
586 1792 1
586 2996 1
586 3969 1
586 4200 1
586 4340 1
586 4576 1
591 1890 1
593 1242 1
593 4078 1
596 1230 1
596 1438 1
596 2904 1
596 4762 1
602 255 1
602 1346 1
602 2320 1
602 2627 1
607 2125 1
608 1653 1
608 2118 1
608 4998 1
615 4078 1
618 3714 1
620 271 1
620 1427 1
620 2120 1
620 2397 1
620 2717 1
620 3950 1
624 4332 1
625 1753 1
625 3848 1
627 4633 1
632 612 1
632 1014 1
633 2482 1
636 555 1
636 992 1
636 1926 1
636 2038 1
636 2199 1
636 3383 1
636 3741 1
637 1632 1
637 4332 1
639 594 1
639 1074 1
639 3816 1
639 4083 1
639 4449 1
639 4988 1
651 28 1
652 2904 1
655 141 1
655 3134 1
656 2470 1
656 2639 1
656 3269 1
670 719 1
670 743 1
670 1076 1
670 1118 1
670 1797 1
670 2905 1
670 3974 1
674 439 1
674 1797 1
674 2271 1
674 2289 1
674 3445 1
676 477 1
679 3041 1
681 1797 1
681 2271 1
681 2289 1
681 3984 1
682 4023 1
684 657 1
684 1545 1
684 1880 1
684 2952 1
684 2981 1
684 3180 1
684 3415 1
684 3603 1
684 4407 1
686 1031 1
686 1242 1
686 1753 1
687 776 1
687 1217 1
687 2043 1
687 2464 1
687 2876 1
687 2987 1
687 3547 1
687 4096 1
687 4652 1
690 311 1
690 414 1
690 576 1
690 1088 1
690 1121 1
690 1307 1
690 1653 1
690 2118 1
690 2382 1
690 2662 1
690 2854 1
690 3284 1
690 3593 1
690 3665 1
690 4402 1
690 4998 1
693 1014 1
698 3204 1
701 4671 1
705 595 1
705 982 1
705 1014 1
705 2968 1
705 3102 1
705 3298 1
705 3783 1
705 4611 1
708 4293 1
709 181 1
709 1020 1
709 1199 1
709 1662 1
709 2575 1
709 3749 1
709 3830 1
709 4109 1
709 4118 1
709 4121 1
709 4160 1
710 1613 1
710 2061 1
710 2998 1
713 4534 1
713 4749 1
714 2214 1
719 544 1
719 3403 1
719 4566 1
721 2709 1
721 4139 1
722 61 1
722 318 1
722 521 1
722 1844 1
722 2629 1
722 2886 1
722 4606 1
727 305 1
727 1199 1
727 1385 1
727 2199 1
727 3383 1
727 3532 1
727 3950 1
727 4023 1
727 4895 1
732 179 1
732 317 1
732 3311 1
732 3955 1
732 4206 1
733 504 1
738 1882 1
743 69 1
743 1358 1
746 477 1
746 706 1
746 779 1
746 1053 1
746 1266 1
746 1595 1
746 2634 1
746 3204 1
746 3369 1
746 3465 1
746 3822 1
746 4351 1
746 4866 1
749 1053 1
757 154 1
757 374 1
757 1426 1
757 2647 1
760 4395 1
762 311 1
762 467 1
762 702 1
762 757 1
762 4236 1
762 4300 1
762 4333 1
762 4486 1
762 4931 1
775 2415 1
775 3901 1
775 4055 1
777 579 1
777 1952 1
777 2671 1
777 4449 1
781 2364 1
781 3877 1
781 4968 1
783 2904 1
786 1498 1
787 493 1
787 1516 1
787 3232 1
787 4797 1
792 2025 1
794 3433 1
794 4309 1
798 3232 1
800 2912 1
806 366 1
808 3305 1
808 3490 1
811 1107 1
811 1685 1
811 3318 1
811 3845 1
811 4024 1
811 4259 1
811 4906 1
812 1298 1
812 3138 1
812 3416 1
812 3815 1
812 4109 1
812 4487 1
812 4907 1
816 1014 1
820 4854 1
824 139 1
824 373 1
824 752 1
824 4895 1
828 579 1
828 1074 1
828 1465 1
828 2241 1
829 1031 1
829 1768 1
829 3950 1
829 4067 1
830 1225 1
832 1426 1
834 1705 1
845 3138 1
845 4692 1
846 2271 1
846 3445 1
846 4206 1
846 4466 1
851 94 1
851 472 1
851 524 1
851 640 1
851 1508 1
851 1705 1
851 2731 1
851 2881 1
851 3010 1
852 1707 1
854 1549 1
865 979 1
865 1580 1
865 2606 1
865 2748 1
865 3194 1
865 3322 1
866 209 1
866 3490 1
867 415 1
867 809 1
867 1298 1
867 2161 1
870 4698 1
873 2120 1
873 3532 1
877 62 1
879 1031 1
879 3155 1
885 2031 1
886 1031 1
886 3950 1
886 4067 1
886 4698 1
887 2254 1
892 504 1
892 3065 1
895 1029 1
899 1937 1
899 4682 1
900 1693 1
900 1730 1
901 4259 1
902 2353 1
902 2472 1
907 163 1
907 371 1
907 1633 1
908 3558 1
908 3665 1
910 4209 1
910 4243 1
913 3075 1
913 3547 1
913 3741 1
913 3773 1
913 4982 1
920 2850 1
920 4069 1
923 664 1
923 2450 1
926 752 1
930 20 1
931 371 1
940 2166 1
943 1199 1
945 2115 1
945 2680 1
952 1882 1
952 3709 1
954 749 1
954 1579 1
954 1847 1
954 2325 1
954 4200 1
958 2043 1
963 3496 1
964 1753 1
965 482 1
965 1768 1
965 2733 1
965 3530 1
965 3558 1
965 3665 1
965 3892 1
965 4432 1
966 2845 1
968 1 1
969 4596 1
973 271 1
975 716 1
975 2746 1
975 2754 1
975 3314 1
975 3315 1
975 3773 1
975 4255 1
975 4566 1
976 371 1
976 658 1
976 1704 1
976 2711 1
976 3546 1
978 2214 1
978 2320 1
982 681 1
985 2020 1
985 3636 1
987 1209 1
994 3204 1
994 3305 1
997 1713 1
997 2737 1
997 3535 1
997 4200 1
997 4854 1
1011 509 1
1011 2254 1
1011 2909 1
1011 3102 1
1011 3172 1
1011 3202 1
1011 3783 1
1011 4100 1
1011 4340 1
1012 3901 1
1013 121 1
1013 663 1
1013 4515 1
1019 4259 1
1021 366 1
1022 1119 1
1022 1185 1
1025 1358 1
1029 1235 1
1035 1081 1
1036 2120 1
1039 4430 1
1042 2214 1
1042 3269 1
1044 368 1
1044 880 1
1044 1516 1
1044 3172 1
1044 4293 1
1044 4722 1
1049 209 1
1049 4602 1
1049 4854 1
1050 1276 1
1055 338 1
1055 749 1
1055 779 1
1055 930 1
1055 987 1
1055 1204 1
1055 1212 1
1055 1407 1
1055 1857 1
1055 2897 1
1055 3164 1
1055 3358 1
1055 3560 1
1055 3828 1
1055 4200 1
1055 4555 1
1056 4735 1
1062 1453 1
1062 3439 1
1064 776 1
1064 1158 1
1064 1753 1
1064 1844 1
1064 1886 1
1064 2289 1
1064 3080 1
1064 3147 1
1064 3433 1
1064 3511 1
1064 3906 1
1064 3971 1
1064 4652 1
1065 657 1
1065 818 1
1065 1695 1
1065 3565 1
1065 3579 1
1065 4139 1
1071 752 1
1071 4467 1
1075 2254 1
1075 2851 1
1075 3361 1
1075 4268 1
1078 640 1
1078 1003 1
1085 133 1
1085 290 1
1085 1744 1
1085 1890 1
1085 2783 1
1085 3137 1
1085 4022 1
1085 4182 1
1086 4078 1
1088 2241 1
1098 1112 1
1099 2450 1
1099 2929 1
1099 4259 1
1099 4359 1
1100 949 1
1100 2345 1
1100 2973 1
1100 3132 1
1100 3774 1
1100 3783 1
1100 4596 1
1100 4846 1
1100 4885 1
1105 1992 1
1105 2241 1
1105 2349 1
1105 2552 1
1105 2820 1
1105 4216 1
1105 4564 1
1106 18 1
1106 524 1
1107 3419 1
1109 713 1
1109 1484 1
1109 2748 1
1109 4148 1
1114 381 1
1114 599 1
1114 2155 1
1114 2343 1
1114 3318 1
1114 4223 1
1114 4765 1
1115 3123 1
1120 2254 1
1120 2861 1
1124 3132 1
1130 493 1
1130 646 1
1130 701 1
1130 1516 1
1130 2274 1
1130 2625 1
1130 3089 1
1130 3232 1
1130 4838 1
1131 381 1
1131 415 1
1131 1613 1
1131 2222 1
1131 3593 1
1131 4241 1
1132 1657 1
1132 2043 1
1132 3060 1
1134 3038 1
1134 3232 1
1134 4467 1
1136 595 1
1136 982 1
1136 1165 1
1136 1990 1
1136 2322 1
1136 2746 1
1136 2968 1
1136 3298 1
1136 4027 1
1138 2472 1
1139 682 1
1139 1937 1
1140 469 1
1140 1203 1
1140 1591 1
1140 2998 1
1140 3394 1
1140 4070 1
1140 4271 1
1140 4331 1
1140 4875 1
1141 555 1
1141 1933 1
1141 3595 1
1145 184 1
1145 992 1
1149 3583 1
1149 4078 1
1149 4555 1
1151 731 1
1151 2871 1
1151 3147 1
1151 3157 1
1151 3487 1
1151 3749 1
1152 18 1
1152 848 1
1152 2411 1
1152 2876 1
1152 3375 1
1152 4858 1
1155 4348 1
1158 2126 1
1158 2581 1
1158 2596 1
1158 4395 1
1158 4596 1
1161 1346 1
1163 758 1
1163 1882 1
1163 2470 1
1163 2482 1
1164 2025 1
1164 2397 1
1164 3193 1
1165 235 1
1165 373 1
1165 2472 1
1165 3194 1
1165 3727 1
1165 3778 1
1165 3895 1
1165 4895 1
1167 2120 1
1168 1844 1
1168 4606 1
1173 117 1
1173 232 1
1173 382 1
1173 581 1
1173 777 1
1173 1184 1
1173 2135 1
1173 2325 1
1173 3912 1
1173 4300 1
1173 4783 1
1177 1138 1
1177 4312 1
1177 4761 1
1179 352 1
1179 2292 1
1179 2384 1
1179 3487 1
1186 4720 1
1193 1595 1
1193 2665 1
1193 3204 1
1193 4606 1
1196 3600 1
1196 4606 1
1201 939 1
1201 1074 1
1201 1845 1
1201 2472 1
1201 2638 1
1201 2749 1
1201 2793 1
1201 3065 1
1201 3260 1
1201 3925 1
1201 4711 1
1205 767 1
1205 1024 1
1205 1160 1
1205 1368 1
1205 2576 1
1205 3084 1
1205 3741 1
1205 3848 1
1205 4330 1
1205 4510 1
1212 1014 1
1212 2320 1
1213 2031 1
1213 3084 1
1215 575 1
1215 3668 1
1215 4854 1
1215 4874 1
1216 1074 1
1216 1465 1
1216 3853 1
1216 4035 1
1217 71 1
1219 3853 1
1222 4100 1
1224 2909 1
1224 3172 1
1224 4541 1
1228 140 1
1228 357 1
1228 4715 1
1235 202 1
1235 429 1
1235 986 1
1235 2340 1
1235 2765 1
1237 177 1
1237 1199 1
1237 2120 1
1237 2148 1
1237 3419 1
1237 3619 1
1241 141 1
1241 367 1
1241 2166 1
1241 2745 1
1241 3718 1
1241 4150 1
1241 4588 1
1246 2620 1
1251 1426 1
1252 100 1
1252 504 1
1252 1014 1
1252 1972 1
1252 4598 1
1253 1516 1
1253 2457 1
1253 2470 1
1253 2486 1
1253 4722 1
1258 2254 1
1262 571 1
1262 708 1
1262 865 1
1262 1623 1
1262 1711 1
1262 2140 1
1262 2407 1
1262 2771 1
1262 2945 1
1262 3530 1
1262 3630 1
1262 3668 1
1262 3800 1
1262 4028 1
1262 4051 1
1262 4854 1
1264 953 1
1277 1339 1
1277 1456 1
1277 2825 1
1279 648 1
1280 62 1
1280 2543 1
1280 2880 1
1280 4039 1
1282 4121 1
1284 3857 1
1288 3665 1
1290 232 1
1290 382 1
1293 28 1
1293 1522 1
1293 1640 1
1293 4753 1
1294 625 1
1295 849 1
1295 852 1
1295 1368 1
1295 3026 1
1295 3159 1
1295 3855 1
1295 3956 1
1296 530 1
1296 1785 1
1296 1945 1
1296 1972 1
1296 2000 1
1296 2338 1
1296 3397 1
1296 3416 1
1296 4095 1
1296 4602 1
1296 4996 1
1298 366 1
1298 380 1
1298 391 1
1298 1060 1
1298 1657 1
1298 1754 1
1298 2131 1
1298 2357 1
1298 3045 1
1298 3473 1
1298 4031 1
1298 4126 1
1298 4688 1
1298 4902 1
1303 2959 1
1309 1890 1
1313 616 1
1313 657 1
1313 3462 1
1313 4609 1
1316 121 1
1316 3469 1
1316 3927 1
1316 3974 1
1320 1161 1
1332 1456 1
1332 4458 1
1333 489 1
1333 886 1
1333 1668 1
1333 3613 1
1334 1029 1
1334 2303 1
1334 3586 1
1335 1653 1
1335 2272 1
1335 2655 1
1335 3144 1
1341 141 1
1341 364 1
1341 437 1
1341 612 1
1341 939 1
1341 3134 1
1341 3286 1
1341 4222 1
1341 4268 1
1343 125 1
1345 2140 1
1347 1163 1
1348 249 1
1348 2929 1
1350 3467 1
1353 2887 1
1353 3680 1
1353 3877 1
1358 2838 1
1358 4144 1
1361 185 1
1363 581 1
1363 1580 1
1363 2135 1
1363 2465 1
1363 2671 1
1363 2880 1
1363 4285 1
1363 4332 1
1367 657 1
1367 1880 1
1367 2704 1
1367 3603 1
1374 408 1
1374 4055 1
1376 3305 1
1377 1016 1
1377 2981 1
1377 3603 1
1381 4100 1
1382 2494 1
1382 4200 1
1387 4698 1
1390 2119 1
1390 4285 1
1390 4698 1
1390 4854 1
1391 3311 1
1391 3439 1
1391 3650 1
1392 1339 1
1392 2996 1
1392 4854 1
1399 61 1
1399 640 1
1399 1705 1
1400 3898 1
1405 865 1
1405 4874 1
1406 4100 1
1407 253 1
1407 271 1
1407 1511 1
1407 1797 1
1407 2397 1
1407 3727 1
1407 3734 1
1407 4023 1
1408 2850 1
1410 96 1
1413 3314 1
1413 3467 1
1415 293 1
1417 177 1
1417 939 1
1417 2638 1
1417 3065 1
1417 3470 1
1417 4802 1
1419 249 1
1422 519 1
1422 640 1
1422 643 1
1422 783 1
1422 1322 1
1422 1453 1
1422 3236 1
1422 3439 1
1422 3650 1
1425 298 1
1431 371 1
1431 4264 1
1434 369 1
1438 650 1
1438 1446 1
1438 2415 1
1438 3470 1
1438 3619 1
1438 3925 1
1438 4802 1
1441 3257 1
1441 3305 1
1445 271 1
1445 3950 1
1448 3755 1
1452 793 1
1452 1735 1
1452 2241 1
1452 2627 1
1452 3751 1
1452 4606 1
1452 4796 1
1456 612 1
1458 141 1
1458 4222 1
1460 976 1
1467 139 1
1467 202 1
1467 752 1
1467 921 1
1467 991 1
1467 2330 1
1467 2905 1
1467 3232 1
1467 4467 1
1468 2119 1
1468 4854 1
1473 1771 1
1474 2909 1
1474 4100 1
1474 4528 1
1476 529 1
1476 1016 1
1476 1081 1
1476 1217 1
1476 3276 1
1476 3558 1
1478 3897 1
1480 988 1
1480 1845 1
1480 2032 1
1480 2638 1
1480 2793 1
1480 3925 1
1481 641 1
1481 818 1
1481 1597 1
1481 1693 1
1481 1771 1
1481 1959 1
1481 2076 1
1481 2283 1
1481 3072 1
1486 551 1
1486 2558 1
1486 3140 1
1494 355 1
1494 757 1
1494 2594 1
1494 3724 1
1494 4785 1
1494 4907 1
1495 984 1
1495 2464 1
1495 2876 1
1495 4671 1
1499 519 1
1499 640 1
1499 1836 1
1499 3439 1
1508 4635 1
1511 2739 1
1517 3482 1
1521 818 1
1522 141 1
1522 3134 1
1525 681 1
1525 4035 1
1526 121 1
1526 1494 1
1526 2411 1
1526 2480 1
1526 4515 1
1528 2548 1
1528 3143 1
1528 4148 1
1528 4566 1
1531 641 1
1532 1181 1
1532 3293 1
1533 3783 1
1540 2043 1
1540 2987 1
1541 341 1
1541 2733 1
1541 4206 1
1544 111 1
1544 713 1
1544 982 1
1544 2325 1
1544 2748 1
1544 4983 1
1545 809 1
1547 657 1
1549 1522 1
1558 2480 1
1559 2959 1
1561 4100 1
1564 4270 1
1565 298 1
1566 2929 1
1567 3433 1
1567 4375 1
1567 4602 1
1568 1705 1
1576 4270 1
1578 1574 1
1578 1920 1
1580 2411 1
1582 2271 1
1582 3140 1
1582 3745 1
1582 3799 1
1582 4683 1
1583 319 1
1583 1653 1
1583 2922 1
1583 4955 1
1586 62 1
1586 937 1
1586 3101 1
1586 3151 1
1586 3252 1
1586 3897 1
1586 4868 1
1588 1705 1
1588 2289 1
1588 2452 1
1591 4515 1
1595 2321 1
1596 3916 1
1596 4931 1
1597 1426 1
1600 60 1
1600 1515 1
1600 2014 1
1600 2241 1
1600 3487 1
1600 4606 1
1614 673 1
1614 719 1
1614 1735 1
1614 1890 1
1614 3167 1
1614 3600 1
1614 3699 1
1618 479 1
1618 568 1
1619 58 1
1619 1358 1
1619 2881 1
1621 371 1
1623 757 1
1625 776 1
1625 1249 1
1625 2289 1
1625 2321 1
1625 2452 1
1625 3511 1
1625 3869 1
1625 4652 1
1625 4733 1
1626 2214 1
1626 2320 1
1626 3078 1
1626 3828 1
1626 3897 1
1627 800 1
1627 932 1
1627 2756 1
1628 357 1
1628 2204 1
1633 556 1
1633 1580 1
1633 1713 1
1633 2233 1
1633 2829 1
1633 3155 1
1633 4243 1
1633 4386 1
1633 4613 1
1633 4751 1
1633 4854 1
1639 953 1
1640 177 1
1640 1088 1
1640 2272 1
1640 3470 1
1640 3619 1
1644 1971 1
1647 2214 1
1647 2320 1
1647 3485 1
1647 3828 1
1649 19 1
1649 257 1
1649 371 1
1649 573 1
1649 791 1
1649 953 1
1649 1131 1
1649 1310 1
1649 1633 1
1649 1690 1
1649 2355 1
1650 111 1
1650 982 1
1652 4243 1
1652 4348 1
1655 594 1
1659 915 1
1659 1262 1
1659 2168 1
1659 2474 1
1659 2519 1
1659 3365 1
1659 3465 1
1659 3714 1
1661 646 1
1661 822 1
1661 3232 1
1661 3264 1
1665 783 1
1665 1705 1
1665 3650 1
1665 3852 1
1667 581 1
1667 682 1
1673 202 1
1673 743 1
1673 752 1
1673 2359 1
1673 3133 1
1673 3740 1
1674 4035 1
1680 1970 1
1682 1116 1
1682 1203 1
1682 1820 1
1683 2172 1
1683 4328 1
1683 4854 1
1684 1161 1
1687 249 1
1688 270 1
1688 487 1
1688 563 1
1688 693 1
1688 788 1
1688 1522 1
1688 2274 1
1688 2415 1
1688 2500 1
1688 2739 1
1688 2992 1
1688 3579 1
1688 3619 1
1688 3837 1
1688 3901 1
1688 4077 1
1688 4091 1
1688 4395 1
1691 1088 1
1691 1307 1
1691 1653 1
1696 2430 1
1696 4671 1
1698 2000 1
1704 271 1
1704 305 1
1704 3727 1
1704 4023 1
1704 4172 1
1706 356 1
1706 1029 1
1706 2904 1
1707 778 1
1707 4206 1
1708 1343 1
1708 2617 1
1708 4964 1
1709 2793 1
1709 3065 1
1709 3419 1
1709 3532 1
1710 579 1
1710 2014 1
1711 779 1
1714 988 1
1714 2731 1
1714 4729 1
1715 357 1
1715 2880 1
1722 4902 1
1726 359 1
1726 758 1
1726 975 1
1726 2125 1
1726 2470 1
1726 3556 1
1726 3659 1
1726 4130 1
1732 2959 1
1735 2659 1
1736 338 1
1736 415 1
1736 749 1
1736 1487 1
1736 2909 1
1736 3497 1
1736 3560 1
1736 3714 1
1736 4049 1
1736 4161 1
1736 4674 1
1737 1576 1
1737 3865 1
1737 4448 1
1737 4725 1
1741 581 1
1741 1632 1
1741 1707 1
1741 2384 1
1741 2472 1
1748 1426 1
1757 1579 1
1757 1847 1
1757 4749 1
1760 1086 1
1760 4268 1
1762 4784 1
1764 1797 1
1764 3445 1
1764 3984 1
1766 344 1
1766 477 1
1766 1438 1
1766 1482 1
1766 3311 1
1766 3496 1
1766 3511 1
1766 3613 1
1767 244 1
1767 312 1
1767 2912 1
1767 3939 1
1768 4293 1
1774 579 1
1774 594 1
1774 1074 1
1774 1160 1
1774 1952 1
1774 2671 1
1774 3694 1
1774 3702 1
1774 4160 1
1774 4449 1
1775 1595 1
1781 69 1
1782 373 1
1782 3727 1
1785 2627 1
1789 48 1
1789 2343 1
1789 2665 1
1789 2923 1
1789 3663 1
1794 625 1
1794 4596 1
1794 4846 1
1795 2765 1
1796 2946 1
1799 915 1
1799 2746 1
1802 1242 1
1802 2119 1
1802 2829 1
1802 4285 1
1802 4555 1
1802 4718 1
1805 1890 1
1807 2357 1
1809 625 1
1810 3232 1
1815 2345 1
1815 2882 1
1815 2909 1
1815 3535 1
1815 4720 1
1818 2717 1
1818 3237 1
1818 4034 1
1822 361 1
1822 1693 1
1822 3072 1
1822 4652 1
1823 3078 1
1829 202 1
1829 752 1
1829 1549 1
1829 2359 1
1829 2765 1
1829 3625 1
1829 4111 1
1829 4386 1
1829 4467 1
1830 152 1
1830 219 1
1830 1970 1
1830 2688 1
1830 2731 1
1830 3925 1
1830 4287 1
1835 880 1
1835 3072 1
1835 4937 1
1837 257 1
1837 757 1
1837 1521 1
1837 1858 1
1837 3849 1
1837 4677 1
1837 4907 1
1837 4968 1
1839 152 1
1839 4404 1
1842 469 1
1842 3967 1
1842 4331 1
1845 657 1
1849 177 1
1849 1522 1
1849 2581 1
1849 2583 1
1849 3619 1
1851 2412 1
1851 3101 1
1851 3151 1
1851 3897 1
1854 1515 1
1854 2886 1
1855 4670 1
1858 2790 1
1859 4762 1
1863 4359 1
1877 3060 1
1885 1653 1
1885 2272 1
1886 3465 1
1886 3487 1
1886 3920 1
1887 4486 1
1890 1668 1
1892 2031 1
1893 2353 1
1893 2472 1
1893 3479 1
1897 401 1
1897 639 1
1897 915 1
1897 2225 1
1897 2338 1
1897 2342 1
1897 2515 1
1897 2746 1
1897 2754 1
1897 4568 1
1903 519 1
1903 783 1
1903 1705 1
1903 1771 1
1903 3439 1
1907 3072 1
1913 338 1
1913 415 1
1913 934 1
1913 1053 1
1913 1204 1
1913 1225 1
1913 1407 1
1913 1613 1
1913 1856 1
1913 2012 1
1913 2069 1
1913 2222 1
1913 2605 1
1913 2830 1
1913 2909 1
1913 3078 1
1913 3164 1
1913 3423 1
1913 3488 1
1913 3551 1
1913 3560 1
1913 3741 1
1913 3748 1
1913 3798 1
1913 3828 1
1913 3853 1
1913 3937 1
1913 4049 1
1913 4166 1
1913 4510 1
1913 4545 1
1913 4621 1
1913 4804 1
1913 4876 1
1913 4910 1
1914 2737 1
1914 4854 1
1923 1615 1
1923 4209 1
1923 4312 1
1928 3898 1
1929 774 1
1930 4036 1
1933 4785 1
1935 3532 1
1936 1549 1
1936 4285 1
1940 1438 1
1940 2904 1
1940 3305 1
1940 3490 1
1945 2958 1
1948 1710 1
1948 2625 1
1948 4262 1
1949 119 1
1949 848 1
1949 1753 1
1949 4515 1
1969 408 1
1969 782 1
1969 1081 1
1969 4055 1
1972 2765 1
1972 4698 1
1975 682 1
1975 2353 1
1975 4444 1
1978 2131 1
1978 3816 1
1985 607 1
1985 905 1
1985 1387 1
1985 1685 1
1985 1865 1
1985 1923 1
1985 2098 1
1985 2490 1
1985 2850 1
1985 3254 1
1985 4083 1
1988 2340 1
1990 752 1
1990 2353 1
1991 2627 1
1994 457 1
1994 542 1
1994 1225 1
1994 1242 1
1994 2107 1
1994 2201 1
1994 2610 1
1994 3513 1
1994 3583 1
1994 3595 1
1994 4078 1
1996 1984 1
1997 4736 1
2000 925 1
2000 1463 1
2000 3169 1
2000 3558 1
2000 4000 1
2003 85 1
2003 1688 1
2003 3467 1
2003 3894 1
2003 4319 1
2010 3530 1
2012 205 1
2012 4793 1
2013 4023 1
2017 987 1
2021 2135 1
2022 3927 1
2022 4515 1
2025 1014 1
2025 1165 1
2025 2968 1
2025 3102 1
2025 3298 1
2026 2581 1
2026 3140 1
2026 3939 1
2026 4383 1
2028 3967 1
2028 4670 1
2030 3665 1
2031 48 1
2031 939 1
2032 472 1
2033 46 1
2033 681 1
2033 2303 1
2033 2441 1
2033 2607 1
2033 2865 1
2033 3260 1
2033 3741 1
2033 3853 1
2033 4035 1
2035 236 1
2036 141 1
2036 437 1
2036 3134 1
2036 3286 1
2039 417 1
2039 4753 1
2043 606 1
2043 4692 1
2050 2075 1
2050 2272 1
2050 2412 1
2052 1031 1
2052 1753 1
2052 1768 1
2054 2628 1
2057 915 1
2061 2043 1
2063 366 1
2076 393 1
2076 617 1
2076 1218 1
2076 1709 1
2076 2014 1
2076 2051 1
2076 2126 1
2076 3696 1
2076 3755 1
2076 4430 1
2081 693 1
2081 1653 1
2083 471 1
2087 177 1
2087 1522 1
2087 1640 1
2087 2655 1
2087 3619 1
2087 3918 1
2089 1487 1
2089 4228 1
2091 1890 1
2095 505 1
2102 174 1
2102 888 1
2102 1122 1
2102 2119 1
2102 2364 1
2102 2783 1
2102 2887 1
2102 2897 1
2102 4698 1
2102 4896 1
2103 911 1
2103 2655 1
2107 2120 1
2109 69 1
2109 807 1
2109 2489 1
2109 2865 1
2114 1866 1
2115 939 1
2115 3065 1
2115 3925 1
2115 4802 1
2118 2921 1
2118 3311 1
2125 1515 1
2125 3314 1
2125 3439 1
2129 2241 1
2131 823 1
2131 1225 1
2132 4671 1
2136 3547 1
2136 3741 1
2137 1584 1
2137 2996 1
2137 3668 1
2137 4283 1
2137 4493 1
2137 4643 1
2139 752 1
2139 991 1
2139 1010 1
2139 1543 1
2139 2173 1
2139 2215 1
2139 2318 1
2139 2969 1
2139 3216 1
2139 3232 1
2139 3316 1
2139 4467 1
2140 2850 1
2140 2959 1
2140 3473 1
2140 4083 1
2143 7 1
2143 530 1
2143 1091 1
2143 1615 1
2143 3269 1
2143 3433 1
2143 3698 1
2143 3741 1
2143 4602 1
2146 4363 1
2148 347 1
2148 782 1
2148 1081 1
2148 4055 1
2148 4749 1
2149 96 1
2149 519 1
2149 1657 1
2149 1771 1
2149 3387 1
2151 177 1
2151 1209 1
2152 380 1
2152 1180 1
2152 1714 1
2152 1940 1
2154 2865 1
2156 939 1
2157 1209 1
2157 1673 1
2160 1591 1
2164 1496 1
2164 2264 1
2164 2853 1
2164 3558 1
2167 3311 1
2168 1615 1
2168 2748 1
2168 2754 1
2168 2860 1
2168 3315 1
2168 4119 1
2168 4983 1
2171 4332 1
2178 865 1
2178 1003 1
2178 1463 1
2178 1783 1
2178 1904 1
2178 1960 1
2178 3469 1
2178 4729 1
2180 1707 1
2180 4142 1
2181 111 1
2183 4206 1
2186 2241 1
2190 2746 1
2194 1358 1
2196 361 1
2196 1634 1
2196 1693 1
2196 2125 1
2196 4566 1
2198 1217 1
2198 2959 1
2203 373 1
2205 1263 1
2205 2025 1
2205 2679 1
2206 1768 1
2206 2876 1
2206 3872 1
2206 4309 1
2207 2123 1
2212 4206 1
2215 236 1
2221 663 1
2221 2241 1
2221 3147 1
2221 4515 1
2222 1515 1
2222 3465 1
2224 596 1
2225 174 1
2227 3950 1
2240 771 1
2240 1446 1
2240 1910 1
2240 2362 1
2240 4214 1
2240 4449 1
2240 4609 1
2245 1521 1
2245 2364 1
2245 2887 1
2245 4968 1
2249 1615 1
2249 3433 1
2269 1508 1
2271 4363 1
2276 177 1
2276 2272 1
2278 3439 1
2280 2866 1
2284 152 1
2284 581 1
2284 1690 1
2284 3546 1
2284 4192 1
2287 1199 1
2287 2120 1
2287 3419 1
2301 1279 1
2301 2963 1
2301 3130 1
2303 848 1
2303 2411 1
2305 2303 1
2306 2665 1
2307 1203 1
2307 1591 1
2307 1613 1
2307 2998 1
2307 3394 1
2307 4331 1
2309 141 1
2309 4284 1
2311 2575 1
2311 4785 1
2311 4907 1
2312 1138 1
2312 1515 1
2312 2230 1
2312 2283 1
2312 3314 1
2312 3986 1
2314 1016 1
2314 1426 1
2314 1783 1
2314 1904 1
2314 2271 1
2314 3469 1
2314 4317 1
2316 1705 1
2319 640 1
2319 2474 1
2319 2513 1
2319 3439 1
2324 437 1
2324 3134 1
2324 3286 1
2331 1136 1
2334 303 1
2334 682 1
2334 2225 1
2334 2818 1
2334 4402 1
2335 752 1
2335 4057 1
2335 4386 1
2335 4998 1
2341 1143 1
2341 1595 1
2341 2141 1
2341 2320 1
2341 2627 1
2341 2665 1
2341 2909 1
2341 3485 1
2341 3855 1
2341 4378 1
2341 4606 1
2342 415 1
2342 1128 1
2342 2222 1
2343 1358 1
2343 2241 1
2344 514 1
2344 643 1
2344 2071 1
2344 2620 1
2344 2752 1
2344 4375 1
2346 2956 1
2346 3680 1
2349 2463 1
2349 2996 1
2349 4854 1
2351 366 1
2351 915 1
2354 290 1
2354 1890 1
2354 4034 1
2354 4720 1
2354 4784 1
2356 3839 1
2356 4698 1
2360 612 1
2360 1279 1
2360 1640 1
2360 2272 1
2360 2655 1
2360 2749 1
2360 2963 1
2360 3065 1
2360 3470 1
2360 3619 1
2360 3898 1
2362 2172 1
2362 4328 1
2362 4486 1
2363 1863 1
2366 262 1
2366 4259 1
2366 4796 1
2366 4906 1
2373 472 1
2374 2155 1
2374 2204 1
2374 2343 1
2374 4907 1
2375 114 1
2375 1951 1
2375 2254 1
2375 2704 1
2375 2724 1
2375 4028 1
2375 4090 1
2376 48 1
2376 449 1
2376 504 1
2378 2754 1
2378 3820 1
2378 4902 1
2381 48 1
2382 15 1
2382 270 1
2382 693 1
2382 722 1
2382 788 1
2382 818 1
2382 821 1
2382 864 1
2382 991 1
2382 1101 1
2382 1142 1
2382 1179 1
2382 1187 1
2382 1790 1
2382 1791 1
2382 2033 1
2382 2071 1
2382 2222 1
2382 2274 1
2382 2455 1
2382 2500 1
2382 2620 1
2382 2780 1
2382 2807 1
2382 2845 1
2382 2992 1
2382 3054 1
2382 3216 1
2382 3232 1
2382 3593 1
2382 3706 1
2382 3903 1
2382 4024 1
2382 4037 1
2382 4467 1
2382 4469 1
2382 4506 1
2382 4732 1
2382 4878 1
2405 2120 1
2406 1555 1
2406 4902 1
2407 3159 1
2407 3755 1
2407 4854 1
2409 2551 1
2409 3975 1
2409 4028 1
2410 2765 1
2416 2845 1
2418 746 1
2421 1882 1
2421 2470 1
2422 3311 1
2423 2752 1
2427 3147 1
2428 1880 1
2432 147 1
2432 2474 1
2432 3365 1
2434 2214 1
2434 2320 1
2442 818 1
2442 1115 1
2453 1522 1
2456 18 1
2456 75 1
2456 167 1
2456 417 1
2456 616 1
2456 1136 1
2456 1179 1
2456 1487 1
2456 1981 1
2456 2071 1
2456 2620 1
2456 2845 1
2456 3038 1
2456 3462 1
2456 4183 1
2456 4515 1
2456 4609 1
2456 4804 1
2457 730 1
2457 1168 1
2457 2825 1
2457 2853 1
2457 3608 1
2464 4182 1
2464 4698 1
2465 1229 1
2465 4243 1
2467 271 1
2467 305 1
2467 603 1
2467 1346 1
2467 2253 1
2467 4692 1
2468 4374 1
2469 471 1
2469 2861 1
2473 2996 1
2473 3134 1
2473 3535 1
2473 4200 1
2473 4222 1
2473 4643 1
2473 4854 1
2474 1368 1
2474 1526 1
2474 3383 1
2474 3583 1
2474 4510 1
2474 4602 1
2476 4802 1
2479 2480 1
2479 4506 1
2480 366 1
2480 635 1
2484 69 1
2484 1358 1
2487 1016 1
2487 1081 1
2489 599 1
2489 2155 1
2489 2343 1
2489 4118 1
2490 2472 1
2490 2671 1
2490 4449 1
2504 544 1
2504 3338 1
2504 3403 1
2506 2095 1
2506 3281 1
2506 4146 1
2507 4846 1
2508 4854 1
2510 2968 1
2510 3298 1
2512 136 1
2512 757 1
2512 2172 1
2512 2574 1
2512 3447 1
2512 3877 1
2512 4328 1
2512 4486 1
2512 4534 1
2512 4968 1
2512 4995 1
2519 1385 1
2526 1327 1
2526 2548 1
2526 2850 1
2526 4069 1
2526 4682 1
2527 807 1
2527 3305 1
2527 3650 1
2530 415 1
2530 903 1
2530 925 1
2530 1088 1
2530 1298 1
2530 1307 1
2530 1856 1
2530 2222 1
2530 2500 1
2530 3232 1
2530 3284 1
2530 3593 1
2530 4241 1
2530 4539 1
2531 1591 1
2531 1735 1
2540 1016 1
2540 4566 1
2543 4633 1
2546 2765 1
2546 4209 1
2559 2825 1
2561 544 1
2561 3403 1
2563 1653 1
2563 3284 1
2564 271 1
2565 657 1
2565 1243 1
2565 1981 1
2565 3054 1
2569 3665 1
2569 4896 1
2574 4083 1
2575 1188 1
2575 2340 1
2575 3197 1
2575 4023 1
2575 4653 1
2577 2125 1
2577 3416 1
2577 4785 1
2577 4907 1
2578 953 1
2578 2501 1
2582 2324 1
2591 4259 1
2592 2487 1
2592 2986 1
2592 3455 1
2595 3473 1
2595 4031 1
2602 2119 1
2602 4078 1
2606 476 1
2607 329 1
2607 657 1
2607 825 1
2607 1107 1
2607 1880 1
2609 1029 1
2611 2750 1
2613 491 1
2613 2745 1
2614 1058 1
2614 1193 1
2616 351 1
2616 479 1
2616 1197 1
2616 1204 1
2616 1595 1
2616 1668 1
2616 1814 1
2616 2233 1
2616 2247 1
2616 2801 1
2616 2858 1
2616 3038 1
2616 3159 1
2616 4057 1
2616 4116 1
2616 4293 1
2616 4510 1
2617 2322 1
2618 477 1
2620 3084 1
2620 3138 1
2624 4785 1
2633 22 1
2633 493 1
2633 921 1
2633 1293 1
2633 3727 1
2633 4270 1
2634 125 1
2634 349 1
2634 4227 1
2639 4854 1
2640 1706 1
2640 4148 1
2643 3311 1
2644 366 1
2645 177 1
2645 3078 1
2647 347 1
2647 1169 1
2647 1623 1
2647 2254 1
2647 2883 1
2647 2996 1
2647 3293 1
2647 3455 1
2647 3668 1
2647 4340 1
2653 4386 1
2658 2629 1
2659 621 1
2659 3257 1
2660 708 1
2660 4854 1
2661 99 1
2661 1343 1
2661 1643 1
2661 2744 1
2661 2921 1
2661 3311 1
2661 3630 1
2661 4453 1
2661 4964 1
2662 339 1
2662 1734 1
2662 3105 1
2662 4283 1
2663 4469 1
2667 544 1
2667 2125 1
2667 4566 1
2667 4652 1
2671 2107 1
2671 4214 1
2675 752 1
2676 841 1
2678 85 1
2681 185 1
2681 1657 1
2681 2254 1
2681 2851 1
2682 2752 1
2683 428 1
2683 1226 1
2683 2956 1
2683 3608 1
2683 4144 1
2686 96 1
2686 506 1
2686 758 1
2686 1230 1
2686 2470 1
2686 2693 1
2686 3088 1
2686 3301 1
2686 4100 1
2686 4179 1
2686 4240 1
2686 4314 1
2686 4987 1
2687 2679 1
2687 2959 1
2687 3473 1
2687 3675 1
2687 4036 1
2687 4069 1
2687 4925 1
2691 311 1
2691 1213 1
2691 2280 1
2691 4148 1
2691 4270 1
2692 33 1
2692 308 1
2692 823 1
2692 885 1
2692 1225 1
2693 1591 1
2693 1613 1
2693 1840 1
2693 2998 1
2693 4083 1
2696 1225 1
2701 818 1
2701 1693 1
2701 3072 1
2701 4652 1
2702 60 1
2702 2241 1
2702 3487 1
2704 1016 1
2704 1226 1
2704 4253 1
2704 4307 1
2706 544 1
2708 141 1
2708 1181 1
2708 2254 1
2718 3078 1
2719 63 1
2719 469 1
2719 1230 1
2719 1882 1
2719 2457 1
2719 2470 1
2719 2838 1
2719 3072 1
2719 3123 1
2719 4987 1
2722 4698 1
2724 1910 1
2724 2472 1
2724 2679 1
2724 2959 1
2724 3194 1
2724 4449 1
2724 4925 1
2727 339 1
2727 1584 1
2727 4200 1
2727 4283 1
2727 4634 1
2727 4643 1
2729 3852 1
2730 2320 1
2741 2254 1
2741 4268 1
2742 20 1
2742 184 1
2742 229 1
2742 3197 1
2744 271 1
2748 359 1
2748 1705 1
2748 4121 1
2749 111 1
2749 621 1
2749 713 1
2749 982 1
2749 1448 1
2749 1565 1
2749 2973 1
2749 3132 1
2749 4579 1
2749 4596 1
2749 4846 1
2757 982 1
2757 3298 1
2761 536 1
2761 2302 1
2763 141 1
2764 4200 1
2769 473 1
2769 817 1
2769 1275 1
2769 1375 1
2769 1575 1
2769 1643 1
2769 2030 1
2769 2185 1
2769 2921 1
2769 3311 1
2769 3542 1
2769 4264 1
2769 4594 1
2769 4689 1
2771 1765 1
2771 2737 1
2777 355 1
2777 599 1
2777 4118 1
2777 4785 1
2777 4907 1
2779 3698 1
2779 4910 1
2787 1311 1
2787 2821 1
2787 3916 1
2787 3950 1
2795 508 1
2795 4534 1
2797 378 1
2803 342 1
2803 875 1
2803 1545 1
2803 1890 1
2803 2762 1
2803 2908 1
2803 4417 1
2803 4604 1
2803 4784 1
2803 4860 1
2806 1705 1
2810 4259 1
2813 58 1
2813 853 1
2813 2188 1
2813 2912 1
2813 3482 1
2813 3889 1
2813 3939 1
2813 4383 1
2816 469 1
2816 1125 1
2816 2998 1
2816 3285 1
2816 3511 1
2816 3967 1
2816 4301 1
2818 909 1
2818 2945 1
2819 1003 1
2819 1705 1
2819 2513 1
2819 2876 1
2820 1591 1
2820 1613 1
2820 3318 1
2820 4682 1
2821 2241 1
2825 3530 1
2825 3668 1
2826 752 1
2827 2907 1
2827 3576 1
2827 4206 1
2830 3172 1
2832 574 1
2832 758 1
2832 912 1
2832 3172 1
2832 4100 1
2832 4987 1
2835 3194 1
2837 3895 1
2839 141 1
2839 185 1
2839 380 1
2839 575 1
2839 976 1
2839 1714 1
2839 2166 1
2839 2474 1
2839 2484 1
2839 2794 1
2839 3027 1
2839 3134 1
2839 3149 1
2839 3253 1
2839 3293 1
2839 3473 1
2839 4126 1
2839 4150 1
2839 4179 1
2839 4222 1
2839 4499 1
2839 4874 1
2842 4270 1
2849 640 1
2850 3445 1
2850 3805 1
2850 4466 1
2854 544 1
2856 355 1
2856 381 1
2856 599 1
2856 4907 1
2864 368 1
2864 2837 1
2864 3724 1
2864 4785 1
2868 2945 1
2868 3170 1
2868 4739 1
2869 1031 1
2869 2717 1
2872 139 1
2872 1188 1
2872 1927 1
2872 2080 1
2872 2330 1
2872 2482 1
2872 3563 1
2875 243 1
2875 357 1
2875 2155 1
2875 2204 1
2875 2343 1
2875 3316 1
2875 3352 1
2875 3492 1
2875 4118 1
2875 4223 1
2876 1058 1
2876 1225 1
2876 2031 1
2876 3937 1
2880 1298 1
2881 295 1
2884 154 1
2886 2061 1
2898 2909 1
2900 581 1
2900 3359 1
2911 295 1
2911 1705 1
2911 4671 1
2912 2214 1
2913 1858 1
2913 3298 1
2913 4596 1
2915 641 1
2915 808 1
2915 3232 1
2915 4290 1
2915 4293 1
2918 2123 1
2918 2470 1
2920 3783 1
2921 3140 1
2923 2452 1
2931 146 1
2931 177 1
2931 505 1
2931 3078 1
2931 3336 1
2931 3619 1
2931 3918 1
2935 298 1
2942 664 1
2942 1917 1
2942 2487 1
2949 3736 1
2949 4534 1
2956 3159 1
2956 4293 1
2958 1735 1
2958 3751 1
2958 4606 1
2960 2119 1
2960 4698 1
2960 4896 1
2962 1591 1
2962 2118 1
2962 4682 1
2964 437 1
2964 2325 1
2964 3134 1
2964 3286 1
2965 121 1
2965 1960 1
2965 3927 1
2971 2155 1
2971 2204 1
2972 3817 1
2972 4692 1
2974 3078 1
2975 396 1
2975 421 1
2975 839 1
2975 847 1
2975 1515 1
2975 2757 1
2975 4640 1
2976 783 1
2977 79 1
2977 493 1
2977 686 1
2977 793 1
2977 1107 1
2977 1115 1
2977 1333 1
2977 1735 1
2977 1837 1
2977 2383 1
2977 4883 1
2984 1840 1
2985 3469 1
2986 2043 1
2986 4469 1
2986 4566 1
2989 954 1
2990 581 1
2990 4555 1
2992 1426 1
2992 2876 1
2994 141 1
2996 3530 1
2996 3745 1
2997 562 1
2997 2783 1
2997 3679 1
2997 4725 1
3002 1016 1
3002 2271 1
3002 2935 1
3002 3445 1
3002 3805 1
3003 473 1
3003 1575 1
3003 3697 1
3009 521 1
3009 735 1
3009 1230 1
3009 1438 1
3009 2629 1
3009 3305 1
3010 3315 1
3018 544 1
3021 1016 1
3021 1235 1
3021 2125 1
3022 140 1
3022 236 1
3022 278 1
3022 473 1
3022 673 1
3022 746 1
3022 1135 1
3022 1906 1
3022 2701 1
3022 4293 1
3022 4567 1
3022 4715 1
3028 752 1
3030 154 1
3030 374 1
3030 1016 1
3030 1081 1
3030 1095 1
3030 1217 1
3030 1226 1
3030 1426 1
3030 1623 1
3030 3197 1
3030 3433 1
3030 3653 1
3030 4309 1
3030 4547 1
3030 4557 1
3030 4861 1
3035 504 1
3035 548 1
3035 621 1
3035 1448 1
3035 1528 1
3035 1742 1
3035 2220 1
3035 2487 1
3035 2956 1
3035 3489 1
3035 4283 1
3035 4341 1
3035 4579 1
3035 4634 1
3035 4846 1
3036 2303 1
3037 1521 1
3037 3608 1
3038 3416 1
3038 4487 1
3045 1298 1
3050 953 1
3051 3257 1
3057 1580 1
3066 2596 1
3067 3257 1
3070 249 1
3070 4596 1
3072 182 1
3072 555 1
3072 1926 1
3072 2510 1
3072 2662 1
3072 3392 1
3072 3595 1
3075 154 1
3075 737 1
3075 1753 1
3075 4602 1
3077 648 1
3077 4114 1
3077 4854 1
3078 369 1
3079 4200 1
3080 2123 1
3080 3416 1
3081 408 1
3081 1188 1
3081 1783 1
3081 1839 1
3081 1927 1
3081 2789 1
3081 2901 1
3081 3321 1
3081 3382 1
3081 3469 1
3081 3509 1
3081 3622 1
3081 3996 1
3081 4084 1
3081 4213 1
3081 4736 1
3083 1926 1
3083 3065 1
3084 3925 1
3095 177 1
3095 1522 1
3095 1600 1
3095 1640 1
3095 1879 1
3095 2272 1
3095 2825 1
3095 3470 1
3095 3619 1
3095 3854 1
3095 3918 1
3095 4068 1
3099 1271 1
3099 2627 1
3099 3159 1
3099 3855 1
3099 3956 1
3099 4457 1
3099 4660 1
3099 4904 1
3102 2044 1
3102 2303 1
3103 62 1
3103 382 1
3103 467 1
3103 581 1
3103 682 1
3103 1184 1
3103 1568 1
3103 2135 1
3103 2325 1
3103 3286 1
3103 4300 1
3103 4568 1
3103 4663 1
3108 312 1
3108 625 1
3108 909 1
3108 2945 1
3112 2349 1
3112 2552 1
3117 3123 1
3117 3305 1
3117 4987 1
3119 141 1
3119 3134 1
3121 2125 1
3123 3193 1
3128 4293 1
3138 1753 1
3139 2659 1
3142 368 1
3142 1965 1
3142 3724 1
3142 4573 1
3143 121 1
3143 1003 1
3143 1155 1
3143 1426 1
3143 3355 1
3143 3438 1
3143 3469 1
3143 3927 1
3143 4515 1
3143 4587 1
3145 28 1
3145 55 1
3145 177 1
3145 551 1
3145 2120 1
3145 2581 1
3145 2583 1
3145 3470 1
3145 3725 1
3145 4294 1
3146 357 1
3146 2596 1
3148 174 1
3148 178 1
3148 1211 1
3148 2119 1
3148 2120 1
3148 2675 1
3148 2887 1
3148 3618 1
3148 4698 1
3148 4779 1
3148 4854 1
3151 504 1
3151 612 1
3151 939 1
3151 3065 1
3158 713 1
3158 2748 1
3158 3315 1
3159 2886 1
3163 1207 1
3163 2107 1
3163 2345 1
3163 2440 1
3163 3525 1
3163 3783 1
3163 4501 1
3163 4720 1
3163 4784 1
3163 4997 1
3169 34 1
3169 307 1
3169 730 1
3169 1203 1
3169 1820 1
3169 2343 1
3169 2825 1
3169 2923 1
3169 3578 1
3169 3967 1
3169 4271 1
3171 640 1
3171 687 1
3171 1771 1
3171 2513 1
3171 3311 1
3171 3544 1
3171 3576 1
3171 4043 1
3172 71 1
3178 926 1
3178 979 1
3178 2108 1
3178 2242 1
3178 2324 1
3178 2606 1
3178 2748 1
3178 2754 1
3178 3322 1
3178 3545 1
3178 4332 1
3180 905 1
3185 4206 1
3190 1673 1
3192 4284 1
3193 371 1
3193 1662 1
3196 2241 1
3200 1358 1
3205 4907 1
3206 1972 1
3206 2123 1
3206 3820 1
3206 4246 1
3214 1123 1
3214 1426 1
3214 1504 1
3214 4141 1
3214 4778 1
3220 912 1
3220 3123 1
3220 4100 1
3220 4987 1
3221 469 1
3221 2928 1
3221 2998 1
3222 4606 1
3228 2463 1
3228 4854 1
3231 2254 1
3234 111 1
3234 625 1
3234 982 1
3234 2020 1
3234 2973 1
3234 3783 1
3234 4552 1
3235 1673 1
3236 417 1
3241 976 1
3241 2959 1
3241 3322 1
3246 373 1
3249 1031 1
3249 1753 1
3250 492 1
3250 621 1
3250 648 1
3250 1525 1
3250 1972 1
3250 2463 1
3250 2487 1
3250 3820 1
3250 4598 1
3254 85 1
3254 544 1
3254 953 1
3254 2579 1
3254 3521 1
3254 3858 1
3256 2514 1
3256 3298 1
3256 4534 1
3257 932 1
3257 1339 1
3257 2665 1
3257 4720 1
3257 4784 1
3259 2353 1
3263 1735 1
3263 2188 1
3263 2912 1
3263 3751 1
3263 3939 1
3263 4805 1
3265 3920 1
3266 2185 1
3266 2921 1
3266 3170 1
3266 3311 1
3271 1673 1
3271 2095 1
3273 1426 1
3273 4317 1
3273 4874 1
3275 2470 1
3276 139 1
3276 752 1
3276 1543 1
3276 2318 1
3276 2845 1
3276 2905 1
3276 4467 1
3280 3314 1
3281 381 1
3283 551 1
3284 4395 1
3287 988 1
3287 1574 1
3287 2439 1
3287 2679 1
3287 2793 1
3287 2881 1
3287 3898 1
3287 3925 1
3287 4008 1
3293 1171 1
3293 1880 1
3293 2704 1
3293 3603 1
3294 3895 1
3295 2289 1
3295 2452 1
3295 4652 1
3296 3193 1
3297 1634 1
3297 2579 1
3297 4319 1
3305 2214 1
3306 1970 1
3306 2258 1
3306 3170 1
3306 3749 1
3306 3755 1
3306 4134 1
3310 670 1
3310 2659 1
3310 2853 1
3310 3530 1
3310 3745 1
3317 757 1
3317 3877 1
3317 4328 1
3317 4486 1
3320 2119 1
3331 782 1
3331 4576 1
3333 657 1
3333 1174 1
3333 1778 1
3333 2125 1
3333 3054 1
3333 4253 1
3333 4469 1
3335 3237 1
3342 381 1
3345 1882 1
3347 640 1
3349 2853 1
3351 4375 1
3352 305 1
3352 373 1
3352 986 1
3352 2626 1
3352 2765 1
3352 2997 1
3352 3132 1
3352 3727 1
3352 3740 1
3352 3756 1
3352 3778 1
3352 4023 1
3353 368 1
3353 954 1
3353 1965 1
3353 4534 1
3353 4573 1
3353 4576 1
3353 4722 1
3354 4907 1
3357 355 1
3357 366 1
3357 2131 1
3357 4031 1
3360 2679 1
3363 1797 1
3363 3984 1
3363 4309 1
3368 3558 1
3370 2472 1
3370 2688 1
3370 4449 1
3378 1242 1
3378 3038 1
3383 69 1
3383 807 1
3383 1358 1
3386 351 1
3386 2829 1
3386 4285 1
3387 1643 1
3387 2744 1
3388 202 1
3391 63 1
3391 621 1
3391 2616 1
3391 2860 1
3391 3741 1
3391 3785 1
3391 4598 1
3395 1957 1
3395 3469 1
3396 1657 1
3397 1591 1
3397 2214 1
3397 2320 1
3397 2818 1
3397 2830 1
3397 3828 1
3399 3530 1
3400 2757 1
3400 4243 1
3402 1797 1
3402 2203 1
3402 2982 1
3402 4144 1
3403 2123 1
3403 2928 1
3412 4784 1
3414 1016 1
3414 1226 1
3414 1584 1
3414 1623 1
3414 4283 1
3414 4307 1
3415 1952 1
3415 3844 1
3418 579 1
3418 2241 1
3423 657 1
3432 418 1
3432 4692 1
3436 1165 1
3436 2051 1
3437 3232 1
3437 4467 1
3441 2470 1
3441 3416 1
3447 2771 1
3447 2945 1
3454 2126 1
3457 277 1
3457 355 1
3457 368 1
3457 757 1
3457 1114 1
3457 1272 1
3457 1858 1
3457 2293 1
3457 2575 1
3457 3205 1
3457 4677 1
3457 4785 1
3457 4979 1
3462 2353 1
3462 2472 1
3462 3470 1
3462 3619 1
3463 293 1
3469 177 1
3469 2120 1
3469 3419 1
3469 3470 1
3473 79 1
3474 85 1
3474 312 1
3474 2092 1
3474 3631 1
3475 807 1
3475 2607 1
3475 3147 1
3480 2860 1
3487 4998 1
3488 3257 1
3492 778 1
3492 841 1
3492 870 1
3492 2367 1
3492 3439 1
3492 3576 1
3497 2996 1
3497 4200 1
3497 4209 1
3497 4854 1
3498 262 1
3498 1591 1
3502 4987 1
3516 177 1
3516 3619 1
3520 145 1
3520 778 1
3520 1836 1
3520 3041 1
3520 4162 1
3521 3172 1
3521 4573 1
3525 298 1
3525 1338 1
3525 1494 1
3525 2876 1
3526 4720 1
3530 177 1
3530 3897 1
3531 1591 1
3531 2830 1
3531 3078 1
3531 4241 1
3532 2665 1
3532 3822 1
3532 4334 1
3532 4606 1
3534 133 1
3534 319 1
3534 1171 1
3534 1265 1
3534 1591 1
3534 1613 1
3534 1672 1
3534 1797 1
3534 2095 1
3534 2118 1
3534 2203 1
3534 2662 1
3534 2982 1
3534 3284 1
3534 3584 1
3534 4146 1
3534 4147 1
3534 4284 1
3534 4892 1
3535 2762 1
3535 4417 1
3535 4860 1
3538 2158 1
3538 3496 1
3538 4293 1
3538 4735 1
3540 277 1
3540 368 1
3540 757 1
3540 1272 1
3540 1315 1
3540 2293 1
3540 2594 1
3540 2754 1
3540 3205 1
3540 3724 1
3540 4131 1
3540 4677 1
3540 4785 1
3540 4907 1
3545 818 1
3545 2845 1
3553 3741 1
3556 3257 1
3556 4227 1
3558 341 1
3558 1957 1
3558 2733 1
3558 2907 1
3558 3193 1
3558 3665 1
3560 3213 1
3560 3920 1
3560 4362 1
3560 4855 1
3561 1726 1
3580 544 1
3580 3157 1
3580 4566 1
3581 355 1
3581 371 1
3581 599 1
3581 3830 1
3581 4109 1
3581 4118 1
3581 4785 1
3581 4907 1
3582 378 1
3582 1053 1
3582 1286 1
3582 1613 1
3582 2061 1
3582 2207 1
3582 2254 1
3582 2963 1
3582 3361 1
3582 3520 1
3582 4253 1
3583 1346 1
3583 4692 1
3589 2214 1
3590 1549 1
3590 2765 1
3591 1 1
3591 1689 1
3591 1792 1
3591 1912 1
3591 2620 1
3591 3382 1
3591 3416 1
3591 3433 1
3591 3969 1
3591 4877 1
3596 1261 1
3596 4100 1
3596 4259 1
3598 478 1
3598 504 1
3598 664 1
3598 1295 1
3598 1528 1
3598 1651 1
3599 3072 1
3599 4987 1
3603 457 1
3603 1242 1
3603 2107 1
3603 4078 1
3608 2061 1
3612 71 1
3612 4359 1
3613 664 1
3621 477 1
3621 2270 1
3621 3465 1
3621 3613 1
3624 826 1
3624 1165 1
3624 1970 1
3624 2051 1
3624 2124 1
3624 4098 1
3624 4562 1
3624 4735 1
3629 1067 1
3629 2000 1
3629 2909 1
3629 4095 1
3629 4339 1
3629 4602 1
3630 61 1
3630 1426 1
3630 1753 1
3630 1768 1
3630 3433 1
3630 3872 1
3630 4652 1
3633 953 1
3635 2928 1
3637 813 1
3637 2982 1
3643 2214 1
3648 1705 1
3648 2845 1
3648 4747 1
3650 2025 1
3650 3419 1
3652 1327 1
3652 1722 1
3652 2548 1
3652 2666 1
3652 2850 1
3652 3692 1
3652 4148 1
3658 4259 1
3660 1241 1
3660 2320 1
3660 3787 1
3660 4378 1
3668 48 1
3668 1755 1
3668 2061 1
3668 2998 1
3668 3078 1
3676 818 1
3676 1693 1
3676 2125 1
3676 2445 1
3676 3281 1
3676 3558 1
3676 4139 1
3677 2125 1
3682 355 1
3682 2025 1
3682 4031 1
3687 408 1
3687 2620 1
3687 4055 1
3691 2155 1
3691 2204 1
3691 2402 1
3691 3859 1
3693 953 1
3699 1632 1
3699 4332 1
3700 3815 1
3700 4121 1
3705 1797 1
3706 2152 1
3706 4284 1
3706 4720 1
3707 1438 1
3708 457 1
3708 1158 1
3708 1768 1
3708 2107 1
3708 2847 1
3708 3197 1
3708 3392 1
3708 3595 1
3708 3603 1
3708 3991 1
3708 4078 1
3708 4407 1
3712 758 1
3713 657 1
3722 818 1
3722 4515 1
3726 1150 1
3726 2912 1
3726 3939 1
3727 373 1
3727 1710 1
3733 255 1
3733 356 1
3733 1346 1
3733 3078 1
3733 4692 1
3737 939 1
3737 3065 1
3738 3967 1
3741 1705 1
3741 4121 1
3742 4333 1
3743 3204 1
3744 2620 1
3744 3698 1
3746 2120 1
3746 2355 1
3746 3065 1
3746 3419 1
3746 3532 1
3746 3545 1
3746 4114 1
3753 1058 1
3753 1193 1
3753 1225 1
3753 1625 1
3753 1884 1
3754 1730 1
3754 4206 1
3756 1230 1
3756 3123 1
3756 3269 1
3758 338 1
3758 779 1
3758 987 1
3758 1053 1
3758 1176 1
3758 1212 1
3758 1724 1
3758 1857 1
3758 2152 1
3758 2909 1
3758 3730 1
3758 4200 1
3758 4720 1
3758 4784 1
3761 670 1
3761 3237 1
3772 2353 1
3773 3438 1
3776 982 1
3776 1990 1
3778 381 1
3778 2161 1
3779 734 1
3779 2552 1
3784 1657 1
3784 2043 1
3784 2474 1
3787 1 1
3787 3433 1
3788 4902 1
3794 109 1
3794 1199 1
3794 2025 1
3794 3419 1
3796 1225 1
3797 1097 1
3797 2098 1
3797 2850 1
3797 2959 1
3799 380 1
3799 391 1
3799 976 1
3799 1119 1
3799 1714 1
3799 3027 1
3799 3045 1
3799 3916 1
3800 3467 1
3801 752 1
3801 4467 1
3808 1634 1
3808 1673 1
3808 1890 1
3808 2666 1
3808 2838 1
3808 3608 1
3808 4144 1
3808 4286 1
3809 3950 1
3811 6 1
3811 244 1
3812 369 1
3817 469 1
3817 1230 1
3817 3123 1
3821 1575 1
3821 2665 1
3827 774 1
3827 4551 1
3833 2000 1
3834 3487 1
3838 2662 1
3838 4998 1
3840 2267 1
3840 2552 1
3840 3214 1
3843 3839 1
3843 4350 1
3843 4486 1
3846 141 1
3846 3134 1
3848 1487 1
3848 3159 1
3849 2860 1
3850 2620 1
3854 111 1
3854 3298 1
3857 752 1
3857 2107 1
3857 2318 1
3857 4467 1
3859 2474 1
3860 244 1
3862 2035 1
3862 2702 1
3862 4486 1
3864 4259 1
3869 2928 1
3869 3741 1
3874 1003 1
3874 1426 1
3874 1763 1
3874 1768 1
3874 2289 1
3874 3355 1
3874 3438 1
3874 3469 1
3874 3872 1
3874 4000 1
3874 4652 1
3875 2061 1
3878 326 1
3878 506 1
3878 758 1
3878 1230 1
3878 2185 1
3878 2904 1
3878 3268 1
3878 3301 1
3878 3311 1
3878 3650 1
3878 4100 1
3878 4472 1
3878 4722 1
3879 2120 1
3881 1438 1
3883 971 1
3883 1009 1
3883 1278 1
3883 2109 1
3883 2873 1
3883 3075 1
3883 3147 1
3883 3315 1
3883 3741 1
3883 3773 1
3883 3816 1
3883 4982 1
3885 2096 1
3886 2362 1
3890 2353 1
3890 2472 1
3890 3479 1
3900 4293 1
3903 2470 1
3905 2959 1
3907 249 1
3907 544 1
3907 622 1
3907 1107 1
3907 3338 1
3907 3403 1
3907 4566 1
3910 27 1
3910 1029 1
3910 1575 1
3910 2185 1
3910 2904 1
3910 3311 1
3911 69 1
3916 1326 1
3920 1165 1
3920 2051 1
3920 2126 1
3922 2324 1
3922 2679 1
3922 3194 1
3923 2945 1
3924 1771 1
3927 369 1
3927 987 1
3927 1547 1
3927 1899 1
3927 2713 1
3927 3897 1
3927 3916 1
3927 4182 1
3928 141 1
3928 153 1
3928 364 1
3928 390 1
3928 391 1
3928 628 1
3928 976 1
3928 1097 1
3928 1156 1
3928 1185 1
3928 2958 1
3928 3034 1
3928 3134 1
3928 3473 1
3928 4222 1
3928 4499 1
3930 752 1
3930 2905 1
3933 434 1
3935 1521 1
3935 1858 1
3935 4785 1
3938 114 1
3941 4293 1
3948 2120 1
3948 3925 1
3949 249 1
3949 2929 1
3951 782 1
3952 293 1
3952 1890 1
3952 2666 1
3952 3865 1
3952 4319 1
3952 4950 1
3954 1119 1
3954 1138 1
3954 1426 1
3958 4200 1
3964 2737 1
3964 4854 1
3968 184 1
3968 1009 1
3968 4270 1
3976 473 1
3976 3311 1
3980 1970 1
3980 3545 1
3982 357 1
3982 371 1
3982 820 1
3982 1272 1
3982 1633 1
3982 1710 1
3982 1858 1
3982 2051 1
3983 4100 1
3986 255 1
3986 1346 1
3987 2628 1
3987 2748 1
3987 2754 1
3987 3315 1
3987 4931 1
3992 4407 1
4000 1668 1
4000 4339 1
4003 257 1
4006 625 1
4006 2632 1
4011 1358 1
4012 2928 1
4020 625 1
4020 1466 1
4020 2564 1
4020 4214 1
4020 4468 1
4027 691 1
4027 2241 1
4033 2455 1
4035 1188 1
4035 1235 1
4035 4084 1
4040 355 1
4040 599 1
4047 2996 1
4052 1165 1
4053 373 1
4060 48 1
4060 449 1
4060 536 1
4060 1332 1
4060 1555 1
4060 1591 1
4060 1613 1
4060 1696 1
4060 1773 1
4060 1840 1
4060 2568 1
4060 2848 1
4060 2899 1
4060 4492 1
4062 4604 1
4063 2320 1
4063 3078 1
4064 544 1
4064 686 1
4064 691 1
4064 2452 1
4064 3157 1
4064 3990 1
4064 4121 1
4064 4308 1
4067 368 1
4067 4566 1
4070 4467 1
4070 4725 1
4073 262 1
4073 1255 1
4073 2031 1
4073 3520 1
4073 4100 1
4084 513 1
4084 2930 1
4084 4404 1
4085 2472 1
4085 2679 1
4089 141 1
4093 2463 1
4093 4854 1
4096 20 1
4096 1615 1
4096 3269 1
4096 3433 1
4096 3698 1
4096 3741 1
4098 2513 1
4098 2876 1
4100 373 1
4100 1797 1
4100 1957 1
4100 2080 1
4100 2370 1
4100 3438 1
4100 3469 1
4100 3558 1
4100 3734 1
4100 3894 1
4100 3927 1
4100 3974 1
4100 3984 1
4100 4206 1
4100 4747 1
4102 3608 1
4105 416 1
4105 1122 1
4105 1482 1
4105 2119 1
4105 3244 1
4105 4078 1
4105 4285 1
4105 4386 1
4105 4698 1
4105 4998 1
4106 3755 1
4110 114 1
4110 1086 1
4112 373 1
4112 4148 1
4121 547 1
4121 2172 1
4121 2333 1
4121 2733 1
4121 4206 1
4121 4328 1
4121 4466 1
4127 1482 1
4131 2998 1
4132 2343 1
4135 202 1
4135 2783 1
4137 650 1
4137 2098 1
4137 2850 1
4137 3417 1
4137 3473 1
4137 3581 1
4137 4682 1
4142 62 1
4142 581 1
4142 3151 1
4142 4097 1
4142 4192 1
4142 4342 1
4143 4334 1
4144 4968 1
4145 457 1
4146 1858 1
4146 4785 1
4152 439 1
4152 1797 1
4152 3445 1
4152 3984 1
4152 4144 1
4158 355 1
4158 4785 1
4158 4907 1
4162 135 1
4162 2607 1
4162 2865 1
4162 3008 1
4163 2031 1
4165 1771 1
4165 2254 1
4175 1346 1
4175 2441 1
4175 2627 1
4180 423 1
4180 575 1
4180 1003 1
4182 371 1
4182 1690 1
4182 3546 1
4183 1549 1
4183 3839 1
4189 3130 1
4189 3854 1
4189 3898 1
4191 664 1
4195 2665 1
4195 3897 1
4196 1277 1
4196 2214 1
4196 2754 1
4196 2860 1
4199 2578 1
4199 2783 1
4199 3679 1
4199 4431 1
4199 4593 1
4199 4959 1
4204 1112 1
4204 2579 1
4204 3521 1
4205 20 1
4205 1522 1
4205 2956 1
4205 4932 1
4208 504 1
4210 366 1
4211 3664 1
4216 3204 1
4216 4606 1
4219 762 1
4219 872 1
4219 1493 1
4219 3895 1
4224 4698 1
4227 2155 1
4227 2343 1
4227 2852 1
4227 3697 1
4229 987 1
4229 2135 1
4229 2958 1
4229 4555 1
4230 1171 1
4230 1613 1
4230 3130 1
4233 19 1
4233 152 1
4233 219 1
4233 1310 1
4233 2688 1
4233 2945 1
4233 3213 1
4233 3920 1
4238 3950 1
4239 4100 1
4239 4606 1
4249 2688 1
4257 818 1
4257 880 1
4257 1693 1
4257 2125 1
4257 2837 1
4257 4732 1
4258 434 1
4258 1091 1
4258 1138 1
4258 1515 1
4258 2866 1
4258 3072 1
4258 3123 1
4258 4096 1
4258 4419 1
4261 1217 1
4261 2444 1
4261 4096 1
4264 621 1
4265 2886 1
4267 154 1
4267 374 1
4267 1016 1
4267 1226 1
4267 1623 1
4267 1739 1
4267 2551 1
4267 3405 1
4267 4028 1
4269 612 1
4269 939 1
4269 2749 1
4269 2825 1
4269 2963 1
4269 3898 1
4269 4359 1
4271 723 1
4273 1536 1
4273 1735 1
4273 2214 1
4273 3822 1
4273 4606 1
4276 581 1
4276 3359 1
4276 3920 1
4279 2904 1
4285 1212 1
4285 1614 1
4285 3176 1
4285 4284 1
4287 223 1
4287 319 1
4287 1591 1
4287 1613 1
4287 1672 1
4287 1773 1
4287 3002 1
4287 3094 1
4287 3318 1
4287 3394 1
4287 4069 1
4287 4682 1
4289 544 1
4289 3143 1
4289 4566 1
4293 1735 1
4293 3140 1
4303 1358 1
4306 3497 1
4310 262 1
4310 383 1
4310 1203 1
4310 1255 1
4310 1613 1
4310 1790 1
4310 3069 1
4310 3520 1
4310 3615 1
4310 4331 1
4313 581 1
4318 2470 1
4331 771 1
4331 1242 1
4331 1910 1
4331 1952 1
4331 2859 1
4331 2896 1
4331 3065 1
4331 3844 1
4331 3925 1
4331 4449 1
4333 2489 1
4333 4633 1
4334 154 1
4334 1426 1
4335 4698 1
4336 3545 1
4344 357 1
4344 371 1
4345 3132 1
4347 1510 1
4347 2452 1
4347 4733 1
4348 4515 1
4349 3123 1
4351 4078 1
4353 2881 1
4354 575 1
4357 504 1
4357 2826 1
4357 3820 1
4357 4246 1
4359 1111 1
4359 1963 1
4359 2360 1
4360 4307 1
4362 3045 1
4368 1021 1
4368 1591 1
4374 3820 1
4378 4386 1
4378 4896 1
4378 4998 1
4380 140 1
4381 422 1
4381 1591 1
4381 1735 1
4382 1575 1
4384 1203 1
4384 1591 1
4384 2998 1
4384 3318 1
4384 3967 1
4384 4271 1
4384 4331 1
4388 2958 1
4392 2107 1
4396 491 1
4396 1726 1
4396 2075 1
4396 2123 1
4396 2364 1
4396 2514 1
4396 2875 1
4396 3172 1
4396 4528 1
4396 4644 1
4401 311 1
4401 414 1
4401 1653 1
4403 1693 1
4405 625 1
4405 852 1
4405 3855 1
4407 3702 1
4417 141 1
4418 3878 1
4422 1265 1
4422 1797 1
4422 2095 1
4422 2982 1
4425 3530 1
4425 3668 1
4429 2020 1
4429 2882 1
4430 612 1
4430 625 1
4430 689 1
4430 800 1
4430 939 1
4430 2386 1
4430 2764 1
4430 3065 1
4430 3081 1
4430 3682 1
4430 3783 1
4430 4802 1
4434 295 1
4434 359 1
4434 1705 1
4434 2876 1
4436 179 1
4436 4206 1
4437 2241 1
4438 1673 1
4438 1797 1
4438 2095 1
4438 2346 1
4438 2838 1
4438 2982 1
4438 4144 1
4438 4875 1
4442 2551 1
4442 3658 1
4442 4912 1
4446 2876 1
4446 3511 1
4448 599 1
4448 2155 1
4448 2343 1
4448 3318 1
4448 4223 1
4448 4559 1
4448 4907 1
4452 1235 1
4456 2119 1
4460 213 1
4460 1209 1
4460 1815 1
4460 1890 1
4460 2567 1
4460 3132 1
4460 3897 1
4460 4182 1
4460 4959 1
4469 34 1
4469 155 1
4469 491 1
4469 1181 1
4469 3311 1
4478 800 1
4481 1426 1
4481 1763 1
4481 1768 1
4481 2876 1
4481 3872 1
4481 4000 1
4482 988 1
4482 1031 1
4482 1242 1
4482 1711 1
4482 3881 1
4482 4014 1
4482 4287 1
4482 4729 1
4482 4737 1
4483 4227 1
4484 138 1
4484 181 1
4484 889 1
4484 1346 1
4484 1710 1
4484 2405 1
4484 2627 1
4484 2880 1
4484 4142 1
4486 34 1
4486 155 1
4486 2123 1
4486 2923 1
4486 3520 1
4486 3770 1
4486 4271 1
4486 4868 1
4489 154 1
4489 4784 1
4490 1484 1
4490 1858 1
4490 2293 1
4490 4333 1
4490 4785 1
4494 3311 1
4495 2320 1
4498 4749 1
4500 1158 1
4505 248 1
4505 731 1
4505 1580 1
4505 3194 1
4505 3341 1
4507 887 1
4511 2126 1
4511 2581 1
4511 2596 1
4511 4383 1
4512 4100 1
4514 1992 1
4514 2241 1
4514 3927 1
4519 2596 1
4520 1591 1
4522 1771 1
4528 546 1
4528 1711 1
4528 2183 1
4528 3083 1
4528 3119 1
4528 3237 1
4528 3745 1
4528 3878 1
4528 4090 1
4528 4458 1
4528 4912 1
4532 544 1
4532 1081 1
4532 1163 1
4532 1607 1
4532 4341 1
4532 4428 1
4535 528 1
4535 1031 1
4535 1449 1
4535 1564 1
4535 1711 1
4535 1753 1
4535 1768 1
4535 2407 1
4535 3530 1
4535 3595 1
4535 4420 1
4535 4823 1
4539 2000 1
4539 2998 1
4539 3967 1
4539 4670 1
4540 4785 1
4542 457 1
4542 4078 1
4542 4285 1
4543 3465 1
4544 1730 1
4544 2579 1
4544 4206 1
4547 152 1
4547 249 1
4547 3101 1
4555 298 1
4555 1390 1
4555 1426 1
4557 1487 1
4560 69 1
4560 596 1
4560 1136 1
4560 1358 1
4560 2031 1
4560 2067 1
4560 3751 1
4560 4259 1
4562 1225 1
4562 2071 1
4562 2107 1
4562 3038 1
4566 2472 1
4566 3065 1
4577 295 1
4577 1384 1
4577 2125 1
4577 3709 1
4581 2468 1
4581 2956 1
4587 3416 1
4587 4487 1
4588 3204 1
4592 1199 1
4592 2303 1
4598 752 1
4601 979 1
4601 1385 1
4601 3194 1
4604 184 1
4604 782 1
4604 925 1
4604 1016 1
4604 1081 1
4604 1217 1
4604 1706 1
4604 2669 1
4604 3032 1
4604 3698 1
4604 4055 1
4604 4636 1
4604 4702 1
4605 708 1
4605 4854 1
4610 504 1
4610 2303 1
4610 3065 1
4610 4035 1
4610 4736 1
4612 177 1
4612 3619 1
4612 4395 1
4612 4596 1
4612 4932 1
4616 3269 1
4617 1970 1
4620 1591 1
4622 368 1
4626 347 1
4626 782 1
4626 1400 1
4626 1847 1
4626 2281 1
4626 4534 1
4626 4576 1
4627 4330 1
4628 2430 1
4628 3665 1
4628 4671 1
4631 1385 1
4631 1521 1
4631 1838 1
4634 604 1
4635 2289 1
4635 4652 1
4638 3697 1
4639 3937 1
4639 4253 1
4643 2043 1
4643 2620 1
4643 2837 1
4643 3416 1
4643 4469 1
4643 4732 1
4644 1595 1
4647 71 1
4647 1545 1
4647 1890 1
4647 4334 1
4647 4860 1
4648 1358 1
4648 4453 1
4648 4606 1
4651 209 1
4651 470 1
4651 3204 1
4651 3785 1
4651 4866 1
4656 4606 1
4661 2214 1
4665 3749 1
4666 4028 1
4668 249 1
4669 1073 1
4669 4515 1
4672 2487 1
4672 2860 1
4672 2862 1
4672 4598 1
4676 2627 1
4678 4395 1
4680 3257 1
4683 1119 1
4683 4784 1
4684 381 1
4684 415 1
4684 2161 1
4685 373 1
4686 381 1
4686 1298 1
4686 2077 1
4686 3416 1
4686 4487 1
4687 2043 1
4691 4609 1
4691 4753 1
4692 2821 1
4692 3950 1
4694 103 1
4694 1522 1
4694 2952 1
4694 3603 1
4694 3878 1
4695 469 1
4695 1591 1
4695 1613 1
4695 2849 1
4695 2998 1
4695 3069 1
4695 3714 1
4695 3967 1
4695 4331 1
4700 359 1
4700 606 1
4700 1705 1
4709 368 1
4709 880 1
4709 4785 1
4711 1705 1
4712 177 1
4712 1209 1
4712 3619 1
4714 290 1
4716 3530 1
4717 154 1
4717 976 1
4717 1119 1
4717 1426 1
4717 2152 1
4717 2883 1
4717 3027 1
4717 3653 1
4717 4784 1
4719 154 1
4719 1549 1
4719 2629 1
4719 4243 1
4720 4785 1
4721 579 1
4721 1707 1
4721 1948 1
4721 2107 1
4721 2627 1
4721 2859 1
4721 3167 1
4721 3583 1
4721 4552 1
4724 1937 1
4724 3558 1
4724 3665 1
4726 1673 1
4726 3103 1
4726 4363 1
4726 4875 1
4727 2482 1
4727 3636 1
4728 114 1
4730 3433 1
4733 1086 1
4733 2665 1
4733 4268 1
4735 1856 1
4735 2214 1
4735 2569 1
4735 2909 1
4735 3098 1
4735 3397 1
4735 3582 1
4735 3843 1
4735 4293 1
4735 4339 1
4735 4528 1
4742 181 1
4742 2754 1
4742 3931 1
4745 1016 1
4745 1081 1
4752 423 1
4752 575 1
4752 708 1
4752 791 1
4752 865 1
4752 2994 1
4752 3544 1
4752 4874 1
4753 1711 1
4753 2407 1
4753 3530 1
4756 673 1
4756 1735 1
4756 3600 1
4763 2107 1
4764 366 1
4764 4902 1
4765 1014 1
4769 121 1
4769 752 1
4769 3927 1
4769 4655 1
4772 423 1
4772 513 1
4772 575 1
4772 708 1
4772 2513 1
4772 4854 1
4772 4874 1
4773 3535 1
4776 371 1
4776 1199 1
4776 1690 1
4776 2025 1
4776 4907 1
4778 79 1
4778 246 1
4778 249 1
4778 293 1
4778 434 1
4778 746 1
4778 819 1
4778 883 1
4778 1333 1
4778 1646 1
4778 2666 1
4778 2908 1
4778 3056 1
4778 3158 1
4778 3521 1
4778 3865 1
4778 4319 1
4778 4448 1
4778 4604 1
4778 4725 1
4778 4950 1
4779 2662 1
4783 366 1
4784 778 1
4784 1836 1
4784 2513 1
4784 3439 1
4784 3576 1
4784 3650 1
4784 4162 1
4789 477 1
4794 308 1
4794 1158 1
4794 1225 1
4794 2241 1
4796 2343 1
4800 298 1
4800 433 1
4800 641 1
4800 2270 1
4800 2552 1
4800 3165 1
4800 3214 1
4800 3465 1
4800 3496 1
4803 362 1
4803 2119 1
4803 2783 1
4803 2897 1
4803 4386 1
4803 4885 1
4807 125 1
4807 312 1
4810 982 1
4811 437 1
4813 4493 1
4815 1730 1
4820 3751 1
4826 1 1
4826 1016 1
4826 1882 1
4826 3743 1
4826 4253 1
4826 4307 1
4826 4877 1
4827 18 1
4827 524 1
4827 568 1
4827 2287 1
4827 3375 1
4827 4042 1
4827 4729 1
4831 3751 1
4833 412 1
4833 1024 1
4833 2000 1
4833 2035 1
4833 2338 1
4833 2569 1
4833 2702 1
4833 3269 1
4833 3397 1
4833 4095 1
4833 4339 1
4835 233 1
4835 1135 1
4835 2120 1
4835 2581 1
4835 2583 1
4840 20 1
4840 2555 1
4840 2981 1
4841 111 1
4841 982 1
4841 2860 1
4841 3315 1
4841 4983 1
4843 109 1
4843 2120 1
4843 3419 1
4843 3939 1
4843 4156 1
4844 3482 1
4848 3132 1
4850 177 1
4850 1879 1
4850 3918 1
4854 71 1
4854 478 1
4854 544 1
4854 1163 1
4854 1673 1
4854 2468 1
4854 2912 1
4854 2956 1
4854 3040 1
4854 4156 1
4854 4363 1
4854 4527 1
4854 4932 1
4859 3155 1
4859 4854 1
4863 508 1
4865 202 1
4865 1549 1
4865 3839 1
4865 4111 1
4865 4209 1
4870 473 1
4870 3305 1
4870 4606 1
4873 1426 1
4883 152 1
4883 357 1
4883 2267 1
4883 3920 1
4885 1031 1
4885 1753 1
4885 1768 1
4888 2241 1
4890 3257 1
4891 643 1
4891 1515 1
4891 1549 1
4891 2235 1
4891 4312 1
4891 4375 1
4894 1188 1
4894 2025 1
4894 3239 1
4896 292 1
4896 618 1
4896 2402 1
4896 2581 1
4896 2596 1
4896 4383 1
4896 4395 1
4897 329 1
4898 909 1
4898 2744 1
4898 2939 1
4898 2945 1
4904 1613 1
4909 988 1
4912 371 1
4913 1097 1
4913 2946 1
4913 2959 1
4913 4402 1
4915 1426 1
4915 1549 1
4915 1847 1
4915 2269 1
4915 3933 1
4915 4209 1
4915 4312 1
4915 4534 1
4917 758 1
4917 4722 1
4920 371 1
4920 1633 1
4921 2472 1
4921 4036 1
4924 61 1
4924 3852 1
4925 818 1
4925 848 1
4925 2287 1
4925 2411 1
4925 2480 1
4925 2709 1
4925 4043 1
4925 4139 1
4930 465 1
4930 640 1
4930 1405 1
4930 3288 1
4930 3487 1
4930 4362 1
4942 2107 1
4942 3167 1
4945 2825 1
4946 504 1
4946 1528 1
4946 4031 1
4946 4366 1
4950 752 1
4950 4998 1
4952 536 1
4952 621 1
4952 982 1
4952 1325 1
4952 1990 1
4952 2141 1
4952 2302 1
4952 2320 1
4952 2623 1
4952 2642 1
4952 2860 1
4952 2973 1
4952 3132 1
4952 3783 1
4952 3787 1
4952 4378 1
4957 988 1
4957 1358 1
4963 423 1
4963 575 1
4963 2553 1
4964 544 1
4965 2757 1
4969 1368 1
4969 1482 1
4969 1595 1
4969 1668 1
4969 2428 1
4969 2627 1
4969 3485 1
4969 4510 1
4969 4602 1
4975 1582 1
4977 493 1
4977 581 1
4977 1815 1
4977 2596 1
4989 141 1
4989 351 1
4989 976 1
4992 311 1
4992 931 1
4994 3257 1
4994 4635 1
4995 4359 1
4997 2126 1
4997 2596 1
4998 1298 1
4998 3416 1
4999 648 1
4999 3545 1
4999 4114 1
