0 1505 -1.0
2 56 -1.0
2 389 1.0
2 461 1.0
2 1348 1.0
2 1396 -1.0
2 1606 1.0
2 1880 1.0
2 2124 -1.0
2 2276 -1.0
4 614 -1.0
6 155 1.0
6 1735 -1.0
6 1993 -1.0
6 2297 1.0
8 693 1.0
12 686 1.0
16 475 -1.0
16 1063 1.0
16 1462 1.0
16 2017 1.0
17 283 -1.0
17 1758 1.0
20 144 -1.0
20 350 -1.0
20 405 1.0
20 1546 1.0
20 1928 -1.0
20 2030 -1.0
20 2125 1.0
20 2401 1.0
25 1743 1.0
26 224 -1.0
26 531 1.0
26 1134 1.0
26 1466 1.0
31 1084 -1.0
31 1262 1.0
31 1636 -1.0
32 153 -1.0
34 785 -1.0
34 1928 -1.0
38 19 -1.0
43 614 1.0
48 180 1.0
55 742 1.0
55 758 1.0
55 785 1.0
55 1460 1.0
55 1546 -1.0
55 1631 -1.0
55 1928 1.0
55 2001 -1.0
55 2110 -1.0
55 2150 1.0
55 2161 -1.0
55 2267 1.0
55 2486 -1.0
57 245 -1.0
57 753 1.0
57 1108 -1.0
57 1158 1.0
57 1317 -1.0
57 1502 -1.0
57 1706 1.0
57 1798 -1.0
57 1935 -1.0
57 2038 -1.0
57 2197 -1.0
65 265 1.0
67 1134 -1.0
67 1217 -1.0
73 769 -1.0
74 144 1.0
74 569 -1.0
74 626 1.0
74 1016 -1.0
74 1598 1.0
80 144 -1.0
80 569 1.0
80 626 -1.0
80 694 1.0
80 1434 -1.0
80 1476 1.0
80 1598 -1.0
80 1857 -1.0
80 1928 -1.0
80 2090 1.0
80 2312 1.0
80 2410 -1.0
80 2420 -1.0
85 1445 -1.0
91 210 -1.0
91 694 1.0
91 1445 1.0
91 1706 1.0
91 1745 1.0
91 2426 -1.0
94 352 -1.0
94 666 -1.0
94 694 1.0
94 1745 1.0
94 2426 -1.0
97 173 1.0
97 278 -1.0
97 376 1.0
97 1505 -1.0
97 1607 -1.0
97 1634 -1.0
97 2225 -1.0
97 2493 -1.0
102 2165 1.0
104 808 1.0
106 1301 1.0
107 1326 1.0
113 289 1.0
113 723 -1.0
113 824 -1.0
113 1598 1.0
113 1754 -1.0
113 2027 1.0
118 289 -1.0
122 49 -1.0
122 513 1.0
122 1084 1.0
122 1115 1.0
122 2489 -1.0
126 116 -1.0
126 755 -1.0
126 1528 1.0
128 720 1.0
130 1466 -1.0
134 1607 -1.0
134 2225 -1.0
134 2493 -1.0
136 569 -1.0
136 626 1.0
136 1799 1.0
136 1928 1.0
136 2038 1.0
136 2197 1.0
151 884 -1.0
151 1066 1.0
151 1119 1.0
151 1569 1.0
151 1665 1.0
151 1683 -1.0
156 115 -1.0
156 296 -1.0
156 381 1.0
156 545 1.0
156 764 1.0
156 813 -1.0
156 1014 1.0
156 1281 1.0
156 1445 1.0
156 1500 1.0
156 1784 -1.0
156 1799 -1.0
156 1845 -1.0
156 1883 1.0
156 1906 -1.0
156 1996 1.0
157 2112 1.0
158 610 1.0
158 2042 -1.0
162 116 1.0
163 527 -1.0
163 2322 1.0
166 116 1.0
166 631 1.0
170 1683 -1.0
170 1769 -1.0
170 2310 1.0
185 733 -1.0
187 1016 1.0
188 116 -1.0
196 171 1.0
196 477 1.0
196 1743 1.0
196 2006 -1.0
196 2101 -1.0
196 2238 1.0
201 5 1.0
201 164 1.0
203 1015 1.0
205 564 1.0
205 1622 -1.0
207 1023 1.0
207 1445 1.0
207 1464 -1.0
208 884 1.0
209 1745 1.0
209 1884 1.0
209 2426 -1.0
210 453 -1.0
210 1640 1.0
210 2093 -1.0
210 2275 1.0
210 2283 1.0
211 294 -1.0
211 1431 1.0
211 1629 -1.0
211 1758 1.0
211 1769 1.0
212 171 1.0
212 550 -1.0
212 791 1.0
212 1080 -1.0
212 1518 -1.0
212 1683 1.0
212 1766 -1.0
212 1993 1.0
212 2150 1.0
212 2297 -1.0
212 2401 -1.0
215 2426 -1.0
218 525 -1.0
218 610 1.0
218 727 -1.0
218 1283 -1.0
218 2121 1.0
218 2144 1.0
219 1311 -1.0
219 2322 1.0
221 465 1.0
221 1483 1.0
221 1640 1.0
222 655 -1.0
224 693 1.0
225 43 1.0
225 482 -1.0
225 655 1.0
225 665 -1.0
225 808 -1.0
225 1117 -1.0
225 1416 -1.0
225 1466 -1.0
225 1535 1.0
226 1056 -1.0
226 1084 1.0
226 1262 -1.0
226 1348 -1.0
226 1384 1.0
226 1561 1.0
230 2322 -1.0
231 289 -1.0
231 431 1.0
231 1189 -1.0
231 2023 -1.0
231 2027 -1.0
231 2103 -1.0
235 355 -1.0
235 1815 -1.0
236 1023 1.0
236 1464 -1.0
240 698 1.0
240 1173 -1.0
240 1253 -1.0
240 1505 -1.0
240 1984 1.0
241 1606 1.0
242 686 -1.0
242 1759 -1.0
242 1865 -1.0
243 808 -1.0
248 2101 1.0
248 2401 1.0
255 462 1.0
267 1476 1.0
269 1301 1.0
269 2238 1.0
270 998 -1.0
274 278 -1.0
274 1253 -1.0
274 1505 -1.0
283 814 -1.0
285 326 -1.0
285 1607 -1.0
286 171 1.0
290 1352 1.0
290 1411 1.0
296 399 -1.0
296 2090 -1.0
303 1396 -1.0
303 1598 -1.0
303 2110 1.0
311 1301 1.0
312 1683 1.0
317 855 -1.0
317 1468 1.0
317 1746 -1.0
320 446 1.0
320 1032 -1.0
321 1636 -1.0
323 899 1.0
323 1111 1.0
327 1189 1.0
332 2297 -1.0
334 1304 1.0
336 675 -1.0
336 1743 -1.0
336 1957 1.0
341 2093 -1.0
346 223 1.0
346 475 1.0
356 672 -1.0
357 186 1.0
357 525 -1.0
357 650 -1.0
357 1355 1.0
357 2121 1.0
361 1569 1.0
364 527 1.0
364 1484 1.0
364 1735 -1.0
364 2240 -1.0
364 2276 -1.0
367 245 -1.0
367 1032 -1.0
367 1166 1.0
367 1607 1.0
367 1849 1.0
370 2486 -1.0
371 163 -1.0
373 1520 -1.0
373 2194 1.0
374 1023 1.0
374 1732 1.0
377 871 -1.0
377 1880 -1.0
377 2100 -1.0
383 319 1.0
383 1109 -1.0
386 365 -1.0
388 1758 -1.0
389 5 -1.0
389 223 -1.0
389 1975 1.0
389 2349 -1.0
391 283 -1.0
391 743 1.0
391 814 -1.0
391 1509 -1.0
391 1557 1.0
396 60 -1.0
396 267 -1.0
396 442 -1.0
396 515 -1.0
396 1043 1.0
396 1081 -1.0
396 1143 -1.0
396 1223 -1.0
396 1337 -1.0
396 2037 1.0
396 2087 1.0
396 2358 -1.0
399 631 1.0
399 701 -1.0
399 1334 1.0
399 1422 -1.0
399 2056 -1.0
399 2166 1.0
399 2274 -1.0
402 723 1.0
402 1263 1.0
402 1466 -1.0
402 1598 -1.0
402 1972 -1.0
407 1775 -1.0
409 614 1.0
409 1024 -1.0
409 1928 -1.0
413 721 1.0
413 846 1.0
413 1029 1.0
413 1348 1.0
413 1743 1.0
413 2493 -1.0
416 462 -1.0
416 552 1.0
416 566 -1.0
416 595 1.0
416 998 -1.0
416 1109 -1.0
416 1129 1.0
416 2023 1.0
416 2062 1.0
416 2079 1.0
416 2155 -1.0
417 287 1.0
417 391 1.0
417 723 1.0
417 1634 -1.0
417 1817 1.0
417 1919 -1.0
417 2155 1.0
418 1337 1.0
420 569 -1.0
421 883 1.0
421 2404 -1.0
426 720 1.0
426 1047 1.0
426 2397 -1.0
426 2419 1.0
430 26 1.0
430 153 -1.0
430 527 1.0
430 610 -1.0
430 1557 -1.0
432 19 1.0
436 2100 -1.0
440 1722 1.0
440 2489 -1.0
447 686 1.0
450 365 1.0
450 1086 1.0
450 2256 -1.0
451 2124 1.0
457 296 -1.0
458 261 -1.0
458 405 1.0
458 519 -1.0
458 1226 -1.0
458 1766 1.0
458 1991 1.0
458 2040 1.0
458 2110 1.0
461 2179 1.0
466 229 -1.0
466 822 -1.0
466 856 1.0
466 1063 -1.0
466 1286 -1.0
466 2017 -1.0
469 1502 -1.0
469 1901 -1.0
470 381 1.0
470 748 -1.0
470 1003 1.0
470 1031 -1.0
470 1115 -1.0
470 1535 1.0
470 1746 -1.0
470 1784 -1.0
470 2333 -1.0
471 381 1.0
471 1693 -1.0
477 5 1.0
477 223 1.0
477 1775 -1.0
477 1858 1.0
477 1975 -1.0
477 2174 1.0
477 2349 1.0
481 475 1.0
490 701 -1.0
490 1500 -1.0
490 1845 1.0
490 2389 -1.0
491 465 1.0
491 940 -1.0
491 1655 -1.0
492 364 1.0
492 1445 1.0
497 41 1.0
497 265 -1.0
497 388 1.0
497 921 1.0
497 1053 -1.0
497 1348 -1.0
497 1629 1.0
497 2080 1.0
497 2088 -1.0
499 388 1.0
499 846 -1.0
499 1306 -1.0
499 1406 1.0
499 1561 1.0
499 1598 1.0
499 1713 1.0
499 1995 1.0
499 2087 1.0
499 2225 1.0
499 2493 1.0
504 614 -1.0
504 2087 -1.0
504 2279 -1.0
505 1743 -1.0
506 843 1.0
508 79 1.0
508 2426 -1.0
514 485 -1.0
516 475 1.0
516 979 -1.0
516 1005 1.0
516 1052 -1.0
516 1056 1.0
516 1287 1.0
516 1535 1.0
516 1939 -1.0
520 1942 1.0
528 610 1.0
528 650 -1.0
528 693 1.0
528 767 1.0
530 283 1.0
530 814 1.0
530 1476 1.0
530 1758 -1.0
531 5 -1.0
531 6 -1.0
531 317 1.0
531 550 -1.0
531 576 -1.0
531 1304 -1.0
531 1411 1.0
531 1744 -1.0
531 2399 1.0
535 1722 -1.0
536 1164 -1.0
540 901 1.0
540 1758 1.0
541 2124 1.0
544 1957 1.0
548 173 -1.0
548 495 1.0
548 703 -1.0
548 1016 1.0
548 1055 1.0
548 1528 1.0
548 1699 1.0
548 1825 -1.0
548 1986 1.0
548 2090 1.0
548 2238 -1.0
548 2401 1.0
548 2410 -1.0
549 265 -1.0
549 492 -1.0
549 525 1.0
549 765 1.0
549 1229 1.0
549 1350 -1.0
549 1466 1.0
549 1557 -1.0
549 1655 1.0
549 2269 1.0
549 2415 -1.0
550 1903 1.0
552 275 -1.0
554 686 1.0
558 153 -1.0
558 665 1.0
558 987 1.0
558 1423 -1.0
558 1557 -1.0
558 2009 1.0
558 2121 -1.0
558 2405 -1.0
560 68 -1.0
560 1406 -1.0
560 2124 -1.0
562 475 1.0
562 1052 -1.0
564 665 1.0
564 1976 -1.0
564 2121 -1.0
567 1337 -1.0
567 1902 1.0
577 1758 1.0
583 1737 1.0
584 2397 -1.0
585 2283 1.0
586 826 1.0
588 405 -1.0
588 695 1.0
588 698 1.0
588 1056 1.0
588 1903 -1.0
588 2441 -1.0
590 140 -1.0
590 251 -1.0
590 335 -1.0
590 399 -1.0
590 650 1.0
590 665 1.0
590 693 -1.0
590 755 1.0
590 797 -1.0
590 961 -1.0
590 1096 1.0
590 1423 -1.0
590 2100 1.0
590 2354 -1.0
590 2448 -1.0
594 116 -1.0
594 591 -1.0
595 153 1.0
595 211 -1.0
595 283 -1.0
595 482 -1.0
595 814 -1.0
595 962 1.0
595 987 -1.0
595 1096 -1.0
595 1135 -1.0
595 1337 -1.0
595 1509 -1.0
595 1557 1.0
595 1745 -1.0
603 19 -1.0
603 359 -1.0
603 634 -1.0
603 1051 1.0
603 1217 1.0
603 1256 1.0
603 1386 -1.0
604 2487 -1.0
611 1509 -1.0
613 210 -1.0
613 223 1.0
613 694 1.0
613 1706 1.0
613 2426 -1.0
616 265 1.0
616 522 -1.0
616 962 1.0
616 1406 -1.0
616 1502 1.0
619 221 1.0
619 503 1.0
619 1483 -1.0
619 1520 -1.0
619 1802 -1.0
628 1096 1.0
628 1512 1.0
628 1557 -1.0
628 1745 1.0
632 116 -1.0
632 338 1.0
632 493 1.0
632 1312 1.0
632 2112 1.0
633 962 1.0
633 1337 -1.0
633 1431 1.0
633 1509 -1.0
633 1557 1.0
633 2397 -1.0
636 573 1.0
637 515 -1.0
637 755 -1.0
637 2087 1.0
641 1784 -1.0
643 153 1.0
643 665 -1.0
643 1423 1.0
643 2121 1.0
644 1476 -1.0
644 1846 1.0
648 232 1.0
648 533 -1.0
648 693 1.0
648 1477 1.0
648 1805 1.0
648 1967 1.0
648 2019 1.0
648 2397 -1.0
650 697 -1.0
650 1512 1.0
657 1337 1.0
657 1655 1.0
660 1032 -1.0
660 1894 1.0
664 902 -1.0
664 1165 1.0
664 1500 -1.0
664 1722 1.0
664 1801 1.0
664 1903 1.0
666 814 -1.0
669 2297 -1.0
677 1053 1.0
679 157 -1.0
679 2435 -1.0
680 1411 1.0
680 1655 1.0
681 2165 1.0
681 2269 1.0
682 265 1.0
683 26 -1.0
683 224 1.0
683 229 1.0
683 525 -1.0
683 610 1.0
683 1107 1.0
683 1488 1.0
683 1572 -1.0
683 2006 -1.0
683 2075 1.0
683 2086 1.0
683 2104 1.0
683 2281 -1.0
685 26 -1.0
685 1043 1.0
685 1326 1.0
685 1557 1.0
689 154 1.0
689 229 1.0
696 153 1.0
704 154 -1.0
704 229 -1.0
704 822 -1.0
704 856 1.0
704 1462 -1.0
704 2039 -1.0
705 389 1.0
705 1880 1.0
707 1189 -1.0
707 1460 -1.0
707 2110 1.0
711 1845 -1.0
712 116 1.0
712 2124 -1.0
712 2233 -1.0
717 936 -1.0
723 1879 -1.0
733 40 -1.0
733 163 1.0
733 391 -1.0
733 535 1.0
733 564 -1.0
733 1072 -1.0
733 1266 -1.0
733 1349 -1.0
733 2397 -1.0
733 2401 1.0
734 1016 1.0
734 1055 1.0
734 1271 -1.0
734 1758 -1.0
734 1951 -1.0
737 325 1.0
737 655 1.0
737 675 1.0
737 695 1.0
737 1117 -1.0
737 1507 1.0
737 1535 1.0
737 2006 -1.0
737 2061 1.0
737 2101 -1.0
737 2401 -1.0
737 2473 -1.0
740 727 -1.0
747 1598 1.0
751 1622 1.0
755 1107 1.0
755 1488 1.0
755 1694 1.0
755 1719 -1.0
755 1766 -1.0
755 2040 -1.0
755 2120 -1.0
755 2281 -1.0
755 2447 1.0
762 1942 1.0
763 566 1.0
766 123 1.0
766 672 1.0
766 855 1.0
766 1051 1.0
766 2349 1.0
768 2121 -1.0
769 1016 -1.0
770 2441 1.0
771 2122 1.0
772 1827 1.0
776 814 -1.0
776 1301 -1.0
776 1431 1.0
776 1629 -1.0
776 1758 1.0
787 265 -1.0
788 1732 1.0
790 765 1.0
790 1503 1.0
792 1722 1.0
793 1087 1.0
800 2404 -1.0
801 265 1.0
821 1053 1.0
821 2283 -1.0
823 698 -1.0
824 612 -1.0
824 1107 -1.0
825 595 -1.0
825 723 1.0
825 998 1.0
825 1109 1.0
825 1332 -1.0
825 1853 1.0
825 2062 -1.0
830 364 -1.0
832 856 -1.0
832 1324 -1.0
835 550 1.0
835 2276 -1.0
840 123 -1.0
840 672 -1.0
840 1051 -1.0
840 1134 -1.0
840 1217 -1.0
840 1304 -1.0
841 37 -1.0
841 672 1.0
841 675 -1.0
841 718 -1.0
841 852 1.0
841 961 -1.0
841 1256 1.0
841 1386 -1.0
841 2041 -1.0
841 2101 1.0
841 2448 -1.0
843 1050 -1.0
847 28 1.0
847 614 1.0
847 1024 -1.0
847 1928 -1.0
847 1970 -1.0
849 1081 1.0
849 1722 1.0
849 2489 -1.0
856 364 -1.0
856 1338 -1.0
856 1784 1.0
857 1743 -1.0
862 715 -1.0
862 2165 -1.0
868 1134 1.0
868 1733 1.0
871 495 1.0
873 221 -1.0
873 224 1.0
873 1256 -1.0
873 1572 -1.0
873 2006 -1.0
873 2086 1.0
876 672 1.0
876 675 -1.0
876 686 -1.0
876 852 1.0
876 1256 1.0
876 1338 -1.0
876 1386 -1.0
876 1731 1.0
876 1961 1.0
876 1971 -1.0
876 2108 1.0
876 2194 1.0
876 2224 1.0
880 115 1.0
880 1500 -1.0
880 1536 1.0
880 1732 -1.0
880 1903 1.0
880 2234 1.0
884 210 1.0
884 370 -1.0
884 626 1.0
884 692 -1.0
884 937 -1.0
884 1103 1.0
884 1702 -1.0
884 1706 -1.0
884 2261 -1.0
891 698 1.0
892 1134 -1.0
898 1134 -1.0
902 533 1.0
904 2165 1.0
905 1462 1.0
906 245 1.0
906 308 -1.0
906 1286 1.0
906 1509 -1.0
906 1706 -1.0
906 1769 1.0
906 2176 -1.0
906 2219 -1.0
907 1569 -1.0
907 1606 -1.0
907 2031 -1.0
907 2124 1.0
909 1775 1.0
910 1500 -1.0
910 1815 1.0
910 1845 1.0
916 399 1.0
922 655 -1.0
922 1957 1.0
923 1622 -1.0
923 1845 1.0
924 813 -1.0
924 1845 -1.0
924 2179 1.0
924 2389 1.0
930 2124 -1.0
936 1352 1.0
938 2358 -1.0
942 265 -1.0
943 221 1.0
943 503 1.0
943 876 -1.0
943 1160 -1.0
943 1483 -1.0
943 1520 -1.0
943 1785 -1.0
945 564 1.0
948 1386 -1.0
952 534 1.0
952 613 -1.0
952 883 -1.0
952 965 1.0
952 975 -1.0
952 1087 -1.0
952 1100 -1.0
952 1466 -1.0
952 2322 -1.0
952 2404 1.0
954 4 1.0
954 1758 1.0
957 396 -1.0
957 610 1.0
957 1056 1.0
957 1077 -1.0
957 1154 -1.0
957 1287 1.0
959 30 1.0
959 115 1.0
959 1337 -1.0
961 265 1.0
961 1348 1.0
961 1406 -1.0
965 614 1.0
965 1928 -1.0
968 144 1.0
968 2410 1.0
969 224 1.0
976 954 1.0
976 1445 1.0
976 2487 -1.0
981 1434 1.0
981 1708 -1.0
987 1063 1.0
987 1462 1.0
989 527 -1.0
990 614 -1.0
991 2276 -1.0
998 557 -1.0
998 1244 -1.0
998 1924 -1.0
998 1970 1.0
999 1019 -1.0
999 1134 1.0
999 1312 -1.0
1003 495 -1.0
1004 769 1.0
1004 1647 1.0
1004 1846 1.0
1004 2004 1.0
1004 2419 -1.0
1004 2491 -1.0
1005 1304 -1.0
1010 245 1.0
1016 1683 -1.0
1020 670 -1.0
1020 1337 -1.0
1025 1503 -1.0
1026 251 -1.0
1026 288 1.0
1026 399 -1.0
1026 1378 -1.0
1026 1500 -1.0
1026 1783 1.0
1026 1951 1.0
1026 2354 -1.0
1028 1426 -1.0
1031 962 1.0
1031 1706 -1.0
1034 1122 -1.0
1035 1598 -1.0
1039 107 -1.0
1039 116 1.0
1039 979 1.0
1039 1052 1.0
1039 1056 -1.0
1039 1081 1.0
1039 1196 1.0
1039 1287 -1.0
1039 1535 -1.0
1039 1939 1.0
1039 1942 -1.0
1039 2330 -1.0
1044 723 1.0
1045 753 1.0
1045 842 -1.0
1045 1706 1.0
1047 694 1.0
1047 1758 -1.0
1048 1286 -1.0
1048 1512 1.0
1049 298 1.0
1049 342 -1.0
1049 884 -1.0
1049 1342 1.0
1049 1352 1.0
1049 1768 1.0
1055 2448 -1.0
1060 720 -1.0
1062 171 1.0
1062 1743 1.0
1062 1803 1.0
1062 1957 -1.0
1065 391 -1.0
1065 693 1.0
1065 1634 1.0
1065 1919 1.0
1067 566 1.0
1067 602 -1.0
1067 1155 1.0
1067 1158 -1.0
1067 1302 -1.0
1067 1502 1.0
1067 1706 -1.0
1067 1812 1.0
1067 1849 -1.0
1067 1901 1.0
1067 1902 1.0
1069 2410 1.0
1071 1015 -1.0
1071 1016 -1.0
1071 1758 1.0
1073 1031 -1.0
1073 1052 -1.0
1073 1453 1.0
1074 2017 -1.0
1076 723 -1.0
1085 95 1.0
1089 1134 -1.0
1091 1502 -1.0
1092 2101 -1.0
1097 265 -1.0
1097 2121 -1.0
1098 389 -1.0
1098 2042 -1.0
1103 1277 1.0
1104 395 -1.0
1104 1081 -1.0
1104 1272 -1.0
1104 1634 1.0
1108 1737 -1.0
1108 2276 -1.0
1108 2399 -1.0
1110 229 1.0
1114 238 1.0
1114 533 1.0
1114 971 1.0
1114 1111 1.0
1114 1343 -1.0
1114 1426 -1.0
1114 1845 1.0
1114 2019 -1.0
1114 2397 1.0
1114 2419 -1.0
1114 2421 -1.0
1119 2283 -1.0
1123 566 1.0
1125 399 -1.0
1125 1378 -1.0
1128 1880 -1.0
1130 462 -1.0
1130 767 1.0
1144 1799 1.0
1145 235 1.0
1145 1312 1.0
1145 1386 1.0
1146 767 1.0
1149 899 -1.0
1158 164 -1.0
1158 822 1.0
1158 997 1.0
1158 1003 1.0
1158 1089 -1.0
1158 1861 1.0
1158 2045 -1.0
1158 2348 -1.0
1158 2384 -1.0
1159 381 -1.0
1159 465 1.0
1159 473 1.0
1159 1411 -1.0
1159 1804 1.0
1162 826 -1.0
1162 1573 1.0
1162 1851 -1.0
1162 2014 1.0
1162 2165 -1.0
1164 693 1.0
1165 296 -1.0
1165 1630 -1.0
1165 2275 -1.0
1165 2333 -1.0
1167 2234 -1.0
1168 473 -1.0
1169 694 1.0
1169 1745 1.0
1169 2426 -1.0
1179 79 -1.0
1179 100 1.0
1179 245 1.0
1179 425 -1.0
1179 733 1.0
1179 901 1.0
1179 944 -1.0
1179 1032 1.0
1179 1166 -1.0
1179 1345 -1.0
1179 1607 -1.0
1179 1613 1.0
1179 1870 1.0
1179 1901 1.0
1179 1902 1.0
1179 1944 -1.0
1179 1965 -1.0
1179 1974 1.0
1179 2011 1.0
1179 2183 -1.0
1179 2459 1.0
1187 26 -1.0
1187 265 1.0
1187 1350 1.0
1187 2145 -1.0
1188 814 1.0
1188 2031 1.0
1189 1743 1.0
1190 495 -1.0
1190 1304 -1.0
1191 739 -1.0
1191 814 -1.0
1191 1903 1.0
1193 1277 -1.0
1203 1503 -1.0
1203 2219 -1.0
1205 2017 -1.0
1206 163 -1.0
1206 1919 -1.0
1209 1156 -1.0
1209 1395 -1.0
1209 1655 1.0
1209 2150 1.0
1209 2161 -1.0
1209 2166 -1.0
1210 1304 1.0
1211 399 1.0
1211 755 -1.0
1211 871 -1.0
1211 1053 -1.0
1211 1607 1.0
1211 1880 -1.0
1211 2124 1.0
1214 224 1.0
1214 495 -1.0
1214 731 -1.0
1214 971 1.0
1214 1652 -1.0
1214 2086 1.0
1214 2401 -1.0
1215 116 -1.0
1215 265 -1.0
1215 492 -1.0
1215 556 -1.0
1215 979 -1.0
1215 1047 -1.0
1215 1097 -1.0
1215 1196 -1.0
1215 1462 -1.0
1215 1559 -1.0
1215 2112 1.0
1215 2297 -1.0
1222 163 1.0
1222 697 1.0
1222 1051 -1.0
1222 1509 -1.0
1222 1512 -1.0
1222 1706 -1.0
1223 395 1.0
1223 675 1.0
1223 1743 1.0
1223 2014 -1.0
1223 2184 1.0
1225 68 1.0
1225 265 -1.0
1225 1396 1.0
1225 1406 1.0
1225 2124 1.0
1229 1451 1.0
1231 1743 1.0
1231 2454 -1.0
1234 826 -1.0
1234 1240 1.0
1234 1799 -1.0
1241 382 1.0
1241 697 1.0
1243 11 1.0
1243 275 -1.0
1243 876 -1.0
1243 1298 -1.0
1243 1426 -1.0
1243 1483 -1.0
1243 1622 -1.0
1243 2019 -1.0
1243 2070 1.0
1243 2165 -1.0
1243 2419 -1.0
1245 1304 -1.0
1255 2305 1.0
1255 2410 1.0
1257 814 -1.0
1262 381 -1.0
1262 465 1.0
1262 2275 1.0
1262 2494 1.0
1270 614 -1.0
1270 1476 -1.0
1270 1928 1.0
1270 2404 1.0
1271 845 -1.0
1271 1109 -1.0
1271 1722 -1.0
1271 1919 1.0
1271 2145 -1.0
1271 2184 -1.0
1272 1134 1.0
1274 389 1.0
1274 475 -1.0
1274 1184 -1.0
1275 86 -1.0
1275 495 -1.0
1275 567 1.0
1275 634 1.0
1275 756 1.0
1275 1417 -1.0
1275 1787 1.0
1275 2031 -1.0
1275 2122 1.0
1275 2311 1.0
1276 1304 -1.0
1279 465 1.0
1282 2019 1.0
1288 160 -1.0
1288 864 -1.0
1288 1053 -1.0
1288 1348 -1.0
1288 1396 1.0
1288 2276 1.0
1288 2395 -1.0
1289 569 -1.0
1289 1928 1.0
1293 2401 1.0
1297 144 -1.0
1297 2305 -1.0
1297 2311 -1.0
1297 2410 -1.0
1298 1693 -1.0
1303 313 1.0
1303 1466 1.0
1303 1774 -1.0
1303 1993 1.0
1305 527 -1.0
1305 610 1.0
1309 495 -1.0
1309 2410 1.0
1313 338 1.0
1313 1708 1.0
1315 527 1.0
1315 543 1.0
1315 557 1.0
1315 860 -1.0
1315 1052 1.0
1315 1185 1.0
1315 1219 1.0
1315 1453 -1.0
1315 1476 1.0
1315 1495 1.0
1315 1518 1.0
1315 1569 1.0
1315 1617 1.0
1315 1622 1.0
1315 1629 1.0
1315 1644 -1.0
1315 1683 -1.0
1315 1758 -1.0
1315 1956 1.0
1315 1988 1.0
1315 2342 1.0
1319 213 1.0
1319 313 1.0
1319 557 -1.0
1319 1462 -1.0
1319 1801 -1.0
1319 2058 1.0
1321 1880 -1.0
1322 442 1.0
1322 1766 -1.0
1327 1708 -1.0
1333 1052 -1.0
1333 1535 1.0
1336 808 1.0
1344 43 -1.0
1344 60 1.0
1344 579 1.0
1344 743 -1.0
1344 808 1.0
1344 975 1.0
1344 1466 1.0
1346 296 -1.0
1346 626 -1.0
1346 694 1.0
1346 1016 1.0
1346 1240 1.0
1346 1392 1.0
1346 1598 -1.0
1346 1630 -1.0
1346 1688 1.0
1346 1758 -1.0
1346 2312 1.0
1349 1342 -1.0
1349 2033 -1.0
1350 1134 1.0
1353 40 1.0
1353 1072 1.0
1353 1509 1.0
1361 1032 1.0
1361 1132 1.0
1361 1320 1.0
1361 1879 -1.0
1361 2419 -1.0
1365 566 -1.0
1365 1189 1.0
1370 2401 1.0
1371 265 -1.0
1371 631 -1.0
1375 116 1.0
1375 694 -1.0
1375 1500 -1.0
1375 1706 -1.0
1375 1799 1.0
1381 79 -1.0
1381 1598 1.0
1381 2174 -1.0
1382 2100 -1.0
1392 723 -1.0
1392 1263 -1.0
1393 43 1.0
1393 808 -1.0
1393 1466 -1.0
1399 163 1.0
1399 694 -1.0
1403 864 -1.0
1403 1384 1.0
1403 2395 -1.0
1406 814 1.0
1406 1408 1.0
1406 1557 -1.0
1406 2031 1.0
1408 1622 1.0
1414 2401 -1.0
1416 698 -1.0
1416 740 -1.0
1418 381 -1.0
1418 1164 -1.0
1418 2333 1.0
1422 103 -1.0
1422 1132 1.0
1422 1500 -1.0
1424 2121 1.0
1428 693 1.0
1428 1500 1.0
1433 40 1.0
1433 518 1.0
1433 715 -1.0
1433 1311 1.0
1433 2100 1.0
1433 2181 1.0
1434 153 1.0
1434 1423 1.0
1434 2009 -1.0
1436 1032 1.0
1444 971 1.0
1445 1051 -1.0
1445 1509 -1.0
1445 1557 1.0
1453 318 -1.0
1453 1500 1.0
1457 569 -1.0
1457 1277 1.0
1457 1775 1.0
1458 338 1.0
1458 806 1.0
1458 884 -1.0
1458 1313 -1.0
1458 1708 1.0
1459 1683 1.0
1465 708 -1.0
1465 1431 1.0
1465 1758 1.0
1465 2176 -1.0
1468 116 1.0
1468 1799 1.0
1469 5 -1.0
1470 53 -1.0
1470 1011 -1.0
1475 1051 1.0
1475 1858 1.0
1480 1262 -1.0
1480 2493 1.0
1487 767 1.0
1492 365 -1.0
1492 1798 -1.0
1492 1921 1.0
1492 2197 -1.0
1492 2206 1.0
1493 1758 -1.0
1498 665 -1.0
1498 723 1.0
1502 1253 -1.0
1504 1957 -1.0
1505 116 1.0
1505 2276 -1.0
1506 252 -1.0
1506 365 -1.0
1506 453 1.0
1506 785 -1.0
1506 1706 1.0
1508 1016 1.0
1509 1240 1.0
1510 2493 1.0
1514 610 1.0
1514 1050 1.0
1514 1056 1.0
1514 1445 1.0
1514 1561 -1.0
1514 2030 1.0
1514 2487 -1.0
1514 2493 -1.0
1517 876 -1.0
1517 1483 -1.0
1518 576 1.0
1518 1737 -1.0
1518 2399 -1.0
1519 289 -1.0
1519 1781 1.0
1519 1880 -1.0
1519 2103 -1.0
1519 2441 1.0
1522 1629 1.0
1524 1942 1.0
1524 2311 -1.0
1524 2410 -1.0
1526 265 1.0
1526 1396 -1.0
1526 1406 -1.0
1526 1466 -1.0
1526 2276 -1.0
1528 184 -1.0
1528 837 1.0
1528 1189 -1.0
1528 1411 -1.0
1528 1655 -1.0
1528 1898 -1.0
1528 2305 -1.0
1529 703 -1.0
1531 1408 -1.0
1532 1053 1.0
1533 1031 -1.0
1533 1629 -1.0
1536 153 -1.0
1536 417 -1.0
1536 665 1.0
1536 1423 -1.0
1536 1854 1.0
1536 1976 -1.0
1536 2121 -1.0
1540 1189 -1.0
1540 1460 -1.0
1540 1509 -1.0
1554 296 1.0
1554 388 1.0
1554 813 1.0
1554 1240 -1.0
1554 2093 -1.0
1554 2225 1.0
1558 19 1.0
1567 2040 1.0
1568 698 1.0
1574 1502 -1.0
1579 1743 -1.0
1580 243 1.0
1580 1015 1.0
1580 1421 1.0
1580 2019 1.0
1580 2042 1.0
1580 2269 1.0
1581 1466 1.0
1582 903 -1.0
1582 975 -1.0
1582 1122 1.0
1582 1466 -1.0
1586 569 1.0
1586 703 -1.0
1586 755 -1.0
1586 871 -1.0
1586 1016 1.0
1586 1519 1.0
1586 1528 1.0
1586 1928 -1.0
1586 2090 1.0
1586 2410 -1.0
1587 180 -1.0
1587 903 -1.0
1587 1654 -1.0
1587 1686 1.0
1588 399 1.0
1588 755 -1.0
1588 1880 -1.0
1588 2124 1.0
1590 1297 -1.0
1590 1580 -1.0
1590 1954 1.0
1593 2104 1.0
1597 566 1.0
1597 1710 -1.0
1597 2231 -1.0
1598 2040 -1.0
1598 2349 1.0
1605 462 -1.0
1605 2023 1.0
1605 2145 -1.0
1606 2019 1.0
1607 1277 1.0
1607 2011 1.0
1607 2121 -1.0
1607 2489 1.0
1612 2419 1.0
1614 171 -1.0
1614 2101 1.0
1623 465 -1.0
1623 527 -1.0
1623 1052 -1.0
1623 1956 -1.0
1624 1031 -1.0
1624 1115 -1.0
1626 698 1.0
1626 715 -1.0
1626 896 -1.0
1626 1019 1.0
1629 792 -1.0
1629 1509 -1.0
1630 522 1.0
1630 1293 -1.0
1630 1557 -1.0
1630 1854 1.0
1631 154 1.0
1631 610 1.0
1631 856 -1.0
1631 1157 1.0
1631 1607 -1.0
1631 2317 1.0
1633 144 1.0
1633 204 1.0
1633 332 1.0
1633 582 -1.0
1633 613 -1.0
1633 1528 -1.0
1633 1534 -1.0
1633 1928 1.0
1633 1986 -1.0
1633 2090 -1.0
1633 2223 -1.0
1633 2441 -1.0
1634 1066 1.0
1634 1119 1.0
1634 1240 1.0
1634 1569 1.0
1634 1686 -1.0
1634 2031 1.0
1639 1189 -1.0
1642 1134 1.0
1648 155 -1.0
1649 2112 1.0
1653 365 -1.0
1653 375 -1.0
1653 515 -1.0
1653 614 1.0
1653 768 -1.0
1653 1726 1.0
1653 2348 -1.0
1653 2384 -1.0
1665 1665 1.0
1669 1111 1.0
1671 626 -1.0
1671 694 1.0
1671 1580 -1.0
1671 2426 -1.0
1674 814 -1.0
1675 365 -1.0
1675 477 -1.0
1675 515 -1.0
1675 703 -1.0
1675 1081 -1.0
1675 1122 -1.0
1675 1634 1.0
1675 2238 -1.0
1687 720 -1.0
1687 1109 1.0
1687 2297 -1.0
1689 808 1.0
1691 1272 1.0
1693 85 -1.0
1693 566 -1.0
1693 721 -1.0
1693 723 -1.0
1693 837 -1.0
1693 899 1.0
1693 1598 1.0
1693 1742 -1.0
1697 1326 1.0
1697 1708 -1.0
1697 2009 -1.0
1698 1008 -1.0
1705 675 -1.0
1705 1339 1.0
1705 1957 1.0
1708 364 -1.0
1708 1338 -1.0
1708 1445 -1.0
1710 2305 -1.0
1711 1262 -1.0
1711 1636 1.0
1711 1646 -1.0
1715 221 1.0
1715 365 -1.0
1715 375 -1.0
1715 503 1.0
1715 997 1.0
1715 1160 -1.0
1715 1272 -1.0
1715 2061 -1.0
1715 2238 -1.0
1715 2348 -1.0
1718 2121 -1.0
1721 1093 -1.0
1721 1408 1.0
1721 1993 1.0
1721 2150 1.0
1723 883 -1.0
1723 2404 1.0
1725 1277 -1.0
1729 622 1.0
1729 1227 1.0
1729 1394 -1.0
1729 1942 -1.0
1729 2137 1.0
1729 2311 1.0
1729 2410 1.0
1732 1520 -1.0
1734 1706 -1.0
1740 1134 -1.0
1743 94 -1.0
1743 142 1.0
1743 317 -1.0
1743 465 1.0
1743 631 1.0
1743 1156 1.0
1743 1164 -1.0
1743 1395 1.0
1743 1467 -1.0
1743 1577 -1.0
1743 1591 -1.0
1743 1655 -1.0
1743 1668 -1.0
1743 1854 -1.0
1743 2213 -1.0
1744 1466 -1.0
1748 275 -1.0
1748 720 -1.0
1748 795 -1.0
1748 949 -1.0
1748 1047 -1.0
1748 1426 -1.0
1748 1476 -1.0
1748 1484 -1.0
1748 1518 -1.0
1748 1846 1.0
1748 2042 -1.0
1748 2240 1.0
1748 2297 -1.0
1748 2419 -1.0
1749 245 1.0
1749 901 1.0
1749 1345 -1.0
1749 1944 -1.0
1752 26 -1.0
1752 153 1.0
1754 153 1.0
1755 1476 -1.0
1758 60 -1.0
1758 249 1.0
1758 740 1.0
1758 826 -1.0
1758 881 -1.0
1758 1116 1.0
1758 2165 -1.0
1763 265 1.0
1763 492 1.0
1763 556 1.0
1763 1350 1.0
1763 1406 -1.0
1764 1466 -1.0
1765 5 -1.0
1765 223 -1.0
1765 1352 1.0
1765 2174 -1.0
1775 688 -1.0
1775 997 1.0
1775 1466 1.0
1775 1713 1.0
1775 1732 -1.0
1775 1803 -1.0
1775 2121 -1.0
1775 2234 1.0
1775 2493 1.0
1782 1184 1.0
1782 1502 -1.0
1782 1706 1.0
1782 2042 -1.0
1784 338 1.0
1784 1708 1.0
1785 814 1.0
1785 1714 -1.0
1785 1746 1.0
1794 1710 -1.0
1799 850 1.0
1799 997 -1.0
1799 2348 1.0
1803 557 1.0
1804 1032 -1.0
1804 1722 1.0
1808 2027 -1.0
1812 1460 1.0
1814 95 1.0
1814 1381 -1.0
1814 1640 -1.0
1815 95 -1.0
1819 768 -1.0
1819 2234 1.0
1819 2384 -1.0
1822 204 1.0
1822 582 -1.0
1822 740 1.0
1822 826 -1.0
1822 2031 1.0
1822 2100 1.0
1824 1134 1.0
1828 1845 1.0
1828 2234 1.0
1829 495 1.0
1830 1483 1.0
1831 2019 1.0
1831 2269 1.0
1832 2121 1.0
1833 116 1.0
1833 2124 -1.0
1833 2276 -1.0
1834 743 1.0
1834 1745 -1.0
1834 2358 -1.0
1835 1227 1.0
1835 2348 1.0
1835 2358 1.0
1836 67 -1.0
1836 243 1.0
1836 275 1.0
1836 963 -1.0
1836 2056 1.0
1836 2165 1.0
1838 180 -1.0
1838 960 -1.0
1838 1743 1.0
1838 2454 -1.0
1840 144 -1.0
1840 1528 1.0
1842 1683 1.0
1842 2310 -1.0
1848 40 -1.0
1848 376 -1.0
1848 698 -1.0
1848 739 -1.0
1848 814 -1.0
1848 1253 1.0
1848 1304 -1.0
1848 1557 1.0
1848 1746 -1.0
1848 1984 -1.0
1848 2016 1.0
1848 2292 1.0
1850 1598 1.0
1852 814 1.0
1852 2019 1.0
1852 2269 1.0
1859 1217 1.0
1860 232 -1.0
1860 2322 -1.0
1862 1134 -1.0
1865 108 -1.0
1865 298 -1.0
1865 753 -1.0
1865 842 1.0
1865 1066 -1.0
1865 1569 -1.0
1865 1683 1.0
1865 1743 1.0
1865 1769 1.0
1865 1851 1.0
1865 1922 -1.0
1865 2176 -1.0
1865 2310 -1.0
1865 2425 -1.0
1873 265 -1.0
1873 962 -1.0
1873 1502 -1.0
1873 1509 1.0
1873 1706 1.0
1874 163 -1.0
1874 1919 -1.0
1885 1956 1.0
1885 2031 1.0
1885 2100 1.0
1885 2181 1.0
1886 1277 1.0
1886 2119 -1.0
1888 556 1.0
1888 813 -1.0
1888 1564 1.0
1889 703 -1.0
1889 1528 1.0
1889 2197 -1.0
1891 2029 -1.0
1892 37 1.0
1892 672 -1.0
1892 2448 1.0
1900 510 -1.0
1900 665 -1.0
1900 688 1.0
1900 1976 1.0
1900 2121 1.0
1900 2384 1.0
1902 527 1.0
1902 2042 1.0
1903 686 -1.0
1903 1030 -1.0
1904 2031 1.0
1905 142 1.0
1905 569 1.0
1905 631 1.0
1905 727 -1.0
1905 1164 -1.0
1905 1182 -1.0
1905 1355 1.0
1905 1775 -1.0
1905 2121 1.0
1905 2182 1.0
1906 767 -1.0
1914 1237 -1.0
1914 1915 -1.0
1914 2486 -1.0
1917 1708 -1.0
1917 2112 -1.0
1920 527 -1.0
1920 558 1.0
1920 824 -1.0
1920 901 1.0
1920 1345 -1.0
1920 1484 -1.0
1920 1944 -1.0
1925 8 1.0
1925 116 -1.0
1925 229 -1.0
1925 328 1.0
1925 856 1.0
1925 914 1.0
1925 989 -1.0
1925 1132 -1.0
1925 1286 -1.0
1925 1324 1.0
1925 1462 -1.0
1925 1559 -1.0
1925 1570 -1.0
1925 1849 1.0
1925 2058 1.0
1927 171 1.0
1927 718 1.0
1927 845 1.0
1927 1220 -1.0
1927 2124 1.0
1927 2145 1.0
1929 550 1.0
1930 2297 -1.0
1931 813 1.0
1943 2197 1.0
1945 55 -1.0
1945 767 -1.0
1949 1798 -1.0
1952 614 -1.0
1954 495 1.0
1954 1217 1.0
1954 1338 -1.0
1956 265 1.0
1957 229 -1.0
1957 1572 1.0
1959 2030 1.0
1959 2401 -1.0
1960 1160 1.0
1960 1277 -1.0
1960 1483 1.0
1963 265 1.0
1964 461 1.0
1964 1304 1.0
1964 2124 -1.0
1966 116 1.0
1966 755 1.0
1969 658 -1.0
1970 1535 -1.0
1973 1612 -1.0
1979 229 1.0
1979 856 -1.0
1983 1502 1.0
1986 1189 -1.0
1994 665 1.0
1998 1345 -1.0
1998 1751 1.0
1998 2330 1.0
1998 2358 -1.0
2007 723 -1.0
2013 22 1.0
2013 110 1.0
2013 282 -1.0
2013 519 1.0
2013 1607 -1.0
2013 1683 1.0
2013 1766 -1.0
2013 2040 -1.0
2013 2354 -1.0
2014 1272 -1.0
2016 2206 1.0
2018 119 1.0
2018 595 1.0
2018 998 -1.0
2018 1301 -1.0
2018 1509 -1.0
2018 1646 1.0
2018 1785 -1.0
2018 1856 -1.0
2018 1861 1.0
2018 2238 -1.0
2018 2256 1.0
2018 2265 1.0
2018 2270 1.0
2022 1056 -1.0
2022 1416 1.0
2022 1535 -1.0
2022 1561 1.0
2022 2493 1.0
2023 1708 1.0
2025 610 1.0
2025 1617 -1.0
2030 475 1.0
2031 1854 -1.0
2032 1189 1.0
2033 180 -1.0
2033 323 -1.0
2033 1453 1.0
2033 1476 -1.0
2039 249 -1.0
2039 365 1.0
2039 415 1.0
2039 1119 -1.0
2039 1240 -1.0
2039 1708 -1.0
2039 1799 1.0
2040 1016 1.0
2041 1301 -1.0
2044 2042 -1.0
2044 2240 1.0
2049 614 1.0
2052 364 1.0
2058 154 -1.0
2061 461 1.0
2061 1549 1.0
2061 1732 1.0
2061 1906 -1.0
2062 1396 -1.0
2062 1466 -1.0
2062 1502 1.0
2063 2358 -1.0
2065 1535 -1.0
2071 342 1.0
2071 884 1.0
2073 1053 1.0
2077 400 -1.0
2077 814 -1.0
2077 903 -1.0
2080 22 1.0
2080 298 -1.0
2080 543 -1.0
2080 1569 -1.0
2080 1683 1.0
2080 2079 -1.0
2081 395 1.0
2081 794 -1.0
2081 957 1.0
2081 1634 -1.0
2081 1920 1.0
2081 2412 1.0
2085 389 -1.0
2085 845 1.0
2085 1332 -1.0
2085 1735 1.0
2085 2124 1.0
2085 2145 1.0
2089 332 1.0
2089 871 1.0
2089 1880 1.0
2089 2124 -1.0
2089 2223 -1.0
2092 1386 -1.0
2096 1880 -1.0
2104 2101 -1.0
2106 2349 1.0
2111 221 1.0
2111 587 -1.0
2111 1483 -1.0
2111 1731 1.0
2111 2023 -1.0
2113 1731 -1.0
2114 1437 -1.0
2114 2019 1.0
2114 2165 1.0
2115 115 1.0
2115 364 -1.0
2115 1338 -1.0
2115 1536 1.0
2115 1784 1.0
2115 1906 1.0
2115 2487 1.0
2123 116 -1.0
2123 2330 1.0
2123 2447 1.0
2129 1132 1.0
2133 276 1.0
2133 389 -1.0
2133 547 -1.0
2133 1622 -1.0
2133 2464 -1.0
2135 144 -1.0
2135 405 1.0
2135 1016 1.0
2135 1189 -1.0
2135 1498 1.0
2135 2110 1.0
2137 389 1.0
2137 2124 -1.0
2138 76 1.0
2138 217 1.0
2138 245 1.0
2138 308 -1.0
2138 590 1.0
2138 694 -1.0
2138 1077 1.0
2138 1158 -1.0
2138 1194 -1.0
2138 1502 1.0
2138 1706 -1.0
2138 1769 1.0
2138 1798 1.0
2138 1799 1.0
2138 1849 -1.0
2138 1901 1.0
2138 2038 1.0
2138 2219 -1.0
2142 60 1.0
2142 2358 1.0
2143 1057 -1.0
2143 1466 -1.0
2144 2121 1.0
2145 458 -1.0
2145 1304 1.0
2145 2145 -1.0
2147 1089 1.0
2147 2126 1.0
2157 631 -1.0
2158 70 1.0
2158 439 1.0
2158 543 -1.0
2158 703 -1.0
2158 1981 -1.0
2158 1998 1.0
2160 116 1.0
2160 265 1.0
2160 2233 -1.0
2164 19 1.0
2164 28 1.0
2164 338 1.0
2164 393 -1.0
2164 557 1.0
2164 1134 -1.0
2164 1312 1.0
2164 1389 -1.0
2164 1434 -1.0
2164 1563 -1.0
2164 1650 -1.0
2164 1988 1.0
2164 2110 1.0
2166 229 1.0
2166 767 1.0
2166 2023 1.0
2166 2075 1.0
2166 2084 1.0
2166 2086 1.0
2167 814 1.0
2170 164 -1.0
2170 822 1.0
2176 26 1.0
2176 41 1.0
2176 67 -1.0
2176 243 1.0
2176 265 -1.0
2176 275 1.0
2176 492 -1.0
2176 765 1.0
2176 1198 1.0
2176 1350 -1.0
2176 1808 1.0
2176 2019 1.0
2176 2080 1.0
2176 2088 -1.0
2176 2283 1.0
2177 30 1.0
2177 223 1.0
2177 298 -1.0
2177 594 -1.0
2177 944 1.0
2177 1352 -1.0
2177 1520 -1.0
2177 1775 -1.0
2177 1781 1.0
2177 1822 -1.0
2177 1880 -1.0
2177 1898 -1.0
2177 2068 1.0
2177 2090 1.0
2177 2103 -1.0
2177 2410 -1.0
2177 2462 1.0
2185 1500 1.0
2185 1815 -1.0
2185 1845 -1.0
2185 2029 1.0
2185 2234 -1.0
2185 2389 1.0
2186 229 -1.0
2186 883 -1.0
2186 2384 1.0
2188 971 -1.0
2188 2401 1.0
2190 550 -1.0
2193 289 -1.0
2193 485 1.0
2193 1781 1.0
2193 2023 -1.0
2193 2103 -1.0
2193 2454 -1.0
2198 1396 1.0
2200 11 1.0
2200 876 -1.0
2200 1031 -1.0
2200 1426 -1.0
2200 1483 -1.0
2200 1622 -1.0
2200 2019 -1.0
2201 245 -1.0
2203 1466 1.0
2205 2017 -1.0
2211 365 1.0
2212 2145 -1.0
2219 136 -1.0
2219 1025 1.0
2219 1108 -1.0
2219 1264 1.0
2219 1314 1.0
2219 1502 -1.0
2219 1503 1.0
2219 1798 -1.0
2219 2197 -1.0
2219 2206 1.0
2219 2219 1.0
2219 2414 -1.0
2220 87 1.0
2220 123 -1.0
2220 250 -1.0
2220 405 1.0
2220 485 1.0
2220 570 1.0
2220 739 -1.0
2220 1020 1.0
2220 1072 -1.0
2220 1155 1.0
2220 1509 -1.0
2220 1640 -1.0
2220 1742 1.0
2220 1903 1.0
2220 2016 1.0
2220 2206 -1.0
2220 2262 -1.0
2223 626 1.0
2223 694 -1.0
2223 1016 -1.0
2223 1598 1.0
2223 2312 -1.0
2224 2283 1.0
2227 1031 1.0
2228 318 -1.0
2230 2090 1.0
2230 2174 1.0
2233 28 1.0
2233 557 1.0
2233 2480 -1.0
2239 649 -1.0
2240 495 -1.0
2240 971 1.0
2240 1217 -1.0
2241 365 1.0
2241 1111 -1.0
2243 43 1.0
2243 45 1.0
2243 60 -1.0
2248 1683 1.0
2251 1272 1.0
2253 1500 -1.0
2255 1189 1.0
2258 997 -1.0
2258 2348 1.0
2258 2384 1.0
2259 2124 -1.0
2261 1845 -1.0
2267 1903 1.0
2267 2234 1.0
2270 265 -1.0
2270 492 -1.0
2270 1337 1.0
2274 389 1.0
2278 332 1.0
2278 871 1.0
2278 1498 -1.0
2278 1699 -1.0
2278 1710 1.0
2278 2223 -1.0
2280 495 1.0
2280 1217 1.0
2281 116 -1.0
2281 1352 1.0
2281 2194 -1.0
2283 655 1.0
2283 675 1.0
2284 2042 -1.0
2285 869 -1.0
2285 1186 -1.0
2285 1924 1.0
2287 119 -1.0
2287 465 1.0
2287 1020 -1.0
2287 1311 1.0
2287 2275 1.0
2290 144 1.0
2290 2090 -1.0
2290 2223 -1.0
2290 2410 1.0
2291 229 1.0
2292 631 -1.0
2294 171 -1.0
2294 1634 1.0
2294 1743 -1.0
2296 1408 1.0
2296 2150 1.0
2297 119 1.0
2297 739 -1.0
2297 1903 1.0
2298 1785 1.0
2301 917 -1.0
2301 1245 -1.0
2301 1434 1.0
2308 998 -1.0
2308 1332 1.0
2308 2029 1.0
2309 869 -1.0
2309 1304 -1.0
2309 1721 -1.0
2316 116 1.0
2316 2112 -1.0
2317 5 -1.0
2317 1352 1.0
2318 1483 1.0
2318 1629 1.0
2324 2101 -1.0
2325 2410 -1.0
2332 2276 -1.0
2343 95 1.0
2343 364 1.0
2343 1031 -1.0
2343 1347 1.0
2343 1784 -1.0
2343 1979 -1.0
2343 2093 1.0
2343 2177 1.0
2343 2457 -1.0
2344 370 1.0
2344 531 -1.0
2344 564 1.0
2344 1250 1.0
2344 1477 -1.0
2348 465 1.0
2351 1509 -1.0
2351 1557 1.0
2352 698 -1.0
2353 461 1.0
2353 1506 -1.0
2353 1827 -1.0
2353 1903 -1.0
2353 2173 -1.0
2354 116 -1.0
2354 154 -1.0
2354 475 1.0
2354 979 -1.0
2354 1027 -1.0
2354 1462 -1.0
2354 2112 1.0
2354 2402 1.0
2357 531 1.0
2357 971 -1.0
2357 1986 1.0
2358 421 -1.0
2358 527 -1.0
2358 826 1.0
2358 1569 -1.0
2358 1683 1.0
2358 2031 -1.0
2358 2276 1.0
2358 2322 1.0
2362 230 1.0
2362 1337 1.0
2362 1460 1.0
2366 1607 -1.0
2366 2441 -1.0
2367 1880 1.0
2369 614 1.0
2372 869 1.0
2372 1016 -1.0
2372 1244 -1.0
2372 1710 1.0
2372 2062 1.0
2372 2223 -1.0
2374 1217 1.0
2374 1774 -1.0
2376 153 1.0
2376 665 -1.0
2376 936 1.0
2376 1557 1.0
2376 1686 1.0
2378 2009 1.0
2381 1189 1.0
2382 2305 1.0
2383 153 1.0
2383 743 1.0
2383 814 -1.0
2383 1557 1.0
2383 2405 1.0
2384 229 1.0
2387 2349 -1.0
2388 2145 1.0
2394 465 1.0
2394 1063 1.0
2394 1462 1.0
2394 1815 1.0
2398 1298 1.0
2398 2119 1.0
2398 2261 -1.0
2404 321 1.0
2404 818 -1.0
2404 1607 1.0
2406 180 -1.0
2406 884 1.0
2406 1385 1.0
2406 1569 -1.0
2406 1686 1.0
2406 1708 -1.0
2406 1743 1.0
2406 2207 -1.0
2406 2384 1.0
2407 123 1.0
2407 217 -1.0
2407 245 -1.0
2407 308 1.0
2407 562 -1.0
2407 566 -1.0
2407 602 1.0
2407 792 1.0
2407 1158 1.0
2407 1706 1.0
2407 1812 -1.0
2407 1849 1.0
2407 1901 -1.0
2407 1902 -1.0
2407 2131 1.0
2407 2219 1.0
2408 79 -1.0
2408 569 -1.0
2408 626 1.0
2408 694 -1.0
2408 723 -1.0
2408 824 -1.0
2408 901 1.0
2408 1123 -1.0
2408 1598 1.0
2408 1754 -1.0
2408 1758 1.0
2408 1834 -1.0
2408 1884 -1.0
2408 1928 1.0
2408 2312 -1.0
2408 2426 1.0
2409 116 1.0
2409 1462 1.0
2410 286 1.0
2414 399 1.0
2414 1378 1.0
2414 1629 1.0
2414 1783 -1.0
2417 997 1.0
2417 1629 -1.0
2417 1683 1.0
2417 1758 1.0
2423 1352 1.0
2427 475 -1.0
2427 1052 1.0
2427 1518 1.0
2427 1622 1.0
2428 1607 1.0
2429 1052 -1.0
2431 686 -1.0
2437 804 -1.0
2437 1087 -1.0
2441 171 1.0
2447 221 1.0
2448 1111 -1.0
2448 2399 -1.0
2454 389 -1.0
2454 527 -1.0
2454 1184 1.0
2459 1352 -1.0
2459 2174 1.0
2461 1016 -1.0
2466 1154 1.0
2466 1384 1.0
2466 1466 1.0
2472 723 1.0
2473 265 1.0
2473 1564 1.0
2473 1808 -1.0
2473 2283 -1.0
2474 1683 1.0
2474 1758 1.0
2475 899 -1.0
2475 1540 -1.0
2475 1743 1.0
2487 1502 -1.0
2494 1084 -1.0
2494 1466 -1.0
2494 1722 -1.0
2500 352 1.0
2500 694 -1.0
2500 1745 -1.0
2500 1758 1.0
2500 2426 1.0
2501 186 1.0
2501 265 1.0
2501 1262 1.0
2501 1277 -1.0
2501 1617 -1.0
2501 2493 -1.0
2502 723 -1.0
2502 1754 -1.0
2502 1858 -1.0
2502 1995 1.0
2504 814 1.0
2505 723 -1.0
2508 376 1.0
2508 670 1.0
2508 814 1.0
2508 1160 1.0
2508 1660 -1.0
2508 1865 1.0
2508 2225 -1.0
2509 1598 -1.0
2510 665 1.0
2510 2009 1.0
2511 2283 1.0
2517 1175 1.0
2517 2029 1.0
2517 2425 1.0
2517 2489 1.0
2523 610 1.0
2524 40 -1.0
2524 1640 -1.0
2528 119 -1.0
2528 221 -1.0
2528 503 -1.0
2528 739 1.0
2528 1160 1.0
2528 1301 1.0
2528 1431 -1.0
2528 1520 1.0
2528 1592 -1.0
2528 1629 1.0
2529 767 -1.0
2531 465 -1.0
2533 1056 -1.0
2533 1561 1.0
2533 2493 1.0
2538 79 -1.0
2538 210 1.0
2538 569 -1.0
2538 944 -1.0
2538 1722 -1.0
2538 1870 1.0
2538 1880 1.0
2538 1884 -1.0
2538 1901 1.0
2538 1965 -1.0
2538 1974 1.0
2538 2011 1.0
2538 2068 -1.0
2538 2462 -1.0
2540 526 1.0
2540 556 -1.0
2540 1071 1.0
2540 1722 -1.0
2540 2426 1.0
2543 173 -1.0
2543 282 1.0
2543 399 1.0
2543 1634 1.0
2543 2354 1.0
2544 1768 1.0
2545 864 -1.0
2546 1928 1.0
2546 2410 1.0
2549 171 -1.0
2549 485 -1.0
2549 753 1.0
2549 1025 1.0
2549 1108 -1.0
2549 2206 1.0
2549 2219 1.0
2553 2252 -1.0
2555 1745 1.0
2557 658 1.0
2557 883 1.0
2557 1084 1.0
2557 1317 -1.0
2557 1502 -1.0
2557 1935 -1.0
2557 2197 -1.0
2557 2404 -1.0
2558 753 -1.0
2558 1957 -1.0
2559 1993 -1.0
2560 289 1.0
2560 332 1.0
2560 871 1.0
2560 1781 -1.0
2560 1880 1.0
2560 1884 -1.0
2560 2103 1.0
2560 2124 -1.0
2560 2441 -1.0
2561 614 -1.0
2570 389 1.0
2571 112 -1.0
2571 193 1.0
2571 375 1.0
2571 391 1.0
2571 767 -1.0
2571 814 1.0
2571 1043 -1.0
2571 1083 1.0
2571 1272 1.0
2571 1451 1.0
2571 1517 1.0
2571 1557 -1.0
2571 1620 1.0
2571 1646 -1.0
2571 1817 1.0
2571 1861 -1.0
2571 2141 -1.0
2571 2185 1.0
2577 19 -1.0
2577 28 -1.0
2577 557 -1.0
2577 857 -1.0
2577 860 1.0
2577 1453 1.0
2577 1988 -1.0
2577 2042 -1.0
2577 2427 1.0
2578 785 -1.0
2578 1612 1.0
2578 1688 1.0
2578 1708 1.0
2579 767 1.0
2579 2256 1.0
2580 2006 -1.0
2582 278 1.0
2582 698 -1.0
2582 1253 1.0
2582 1505 1.0
2583 317 1.0
2583 465 -1.0
2583 645 -1.0
2583 801 1.0
2583 813 -1.0
2583 958 1.0
2583 1053 1.0
2583 1445 1.0
2583 1640 -1.0
2583 1668 1.0
2583 1759 1.0
2583 1784 -1.0
2583 2009 1.0
2583 2078 1.0
2583 2087 -1.0
2583 2093 1.0
2583 2358 1.0
2583 2377 -1.0
2585 19 -1.0
2585 822 -1.0
2585 856 1.0
2585 1462 -1.0
2585 1499 1.0
2585 2017 -1.0
2585 2058 1.0
2585 2307 1.0
2598 1880 1.0
2598 2029 1.0
2598 2079 1.0
2600 2305 1.0
2601 1629 1.0
2606 884 -1.0
2606 1743 -1.0
2607 171 1.0
2607 1025 -1.0
2607 1540 -1.0
2607 1743 1.0
2611 876 -1.0
2611 2019 -1.0
2617 364 1.0
2617 1784 -1.0
2617 2103 1.0
2617 2441 -1.0
2619 399 1.0
2620 1217 1.0
2621 399 -1.0
2621 755 1.0
2621 1053 1.0
2621 2393 -1.0
2624 224 1.0
2624 229 1.0
2624 265 1.0
2624 525 -1.0
2624 731 -1.0
2624 914 -1.0
2624 1113 -1.0
2624 1277 -1.0
2624 1662 1.0
2624 2006 -1.0
2624 2075 1.0
2624 2086 1.0
2624 2122 1.0
2628 180 1.0
2628 768 -1.0
2628 809 -1.0
2628 928 -1.0
2628 1023 -1.0
2628 1050 -1.0
2628 1057 1.0
2628 1063 1.0
2628 1079 -1.0
2628 1283 1.0
2628 1385 -1.0
2628 1464 1.0
2628 1754 -1.0
2628 1906 1.0
2628 2384 -1.0
2629 963 -1.0
2629 1674 -1.0
2630 265 1.0
2630 1466 -1.0
2630 1557 1.0
2631 235 1.0
2631 1023 1.0
2631 1227 1.0
2631 1386 1.0
2631 2358 1.0
2632 1451 1.0
2632 2100 1.0
2636 94 -1.0
2636 1710 1.0
2636 1854 -1.0
2642 2206 -1.0
2643 70 1.0
2643 495 1.0
2643 1217 1.0
2643 1338 -1.0
2643 1347 -1.0
2643 1784 1.0
2643 1979 1.0
2643 2177 -1.0
2643 2311 -1.0
2652 475 1.0
2652 1050 1.0
2652 1052 -1.0
2652 1063 -1.0
2652 1462 -1.0
2659 1460 -1.0
2660 283 -1.0
2660 824 -1.0
2660 901 1.0
2660 1439 -1.0
2660 1722 -1.0
2660 1745 -1.0
2660 1884 -1.0
2660 1944 -1.0
2668 899 1.0
2668 2019 -1.0
2670 614 -1.0
2670 1815 -1.0
2674 2150 1.0
2678 458 -1.0
2678 769 -1.0
2678 2192 -1.0
2682 370 1.0
2682 564 1.0
2682 998 1.0
2682 2029 -1.0
2682 2047 1.0
2686 899 1.0
2686 1502 -1.0
2688 381 1.0
2688 1031 -1.0
2688 2333 -1.0
2696 58 -1.0
2696 177 1.0
2696 587 -1.0
2696 650 1.0
2696 693 -1.0
2696 720 -1.0
2696 1032 1.0
2696 1132 1.0
2696 1302 -1.0
2696 1549 -1.0
2696 1879 -1.0
2696 1901 1.0
2696 2419 -1.0
2696 2483 1.0
2702 1066 1.0
2702 1569 1.0
2706 1116 -1.0
2706 2031 -1.0
2707 489 1.0
2707 665 -1.0
2707 1696 1.0
2707 1732 1.0
2707 2419 1.0
2709 518 1.0
2709 698 1.0
2709 2100 1.0
2714 275 1.0
2714 283 1.0
2714 913 1.0
2714 1052 1.0
2714 1084 1.0
2714 1453 -1.0
2714 1476 1.0
2714 1629 1.0
2714 1758 -1.0
2714 2333 1.0
2715 527 1.0
2721 813 -1.0
2721 1445 1.0
2721 1915 1.0
2721 2179 1.0
2721 2389 1.0
2725 1500 1.0
2725 1732 1.0
2725 2234 -1.0
2729 153 1.0
2729 335 1.0
2729 665 -1.0
2729 1423 1.0
2729 2100 -1.0
2732 867 1.0
2732 1592 1.0
2737 2181 1.0
2737 2454 1.0
2744 1108 1.0
2744 1502 1.0
2744 1901 1.0
2746 694 1.0
2748 1072 1.0
2748 1509 1.0
2749 37 1.0
2750 497 1.0
2750 658 -1.0
2750 785 1.0
2750 901 1.0
2750 944 -1.0
2750 1075 1.0
2750 1352 1.0
2750 1722 -1.0
2750 1884 -1.0
2750 1928 1.0
2750 2011 1.0
2750 2068 -1.0
2750 2174 -1.0
2750 2404 1.0
2750 2486 -1.0
2757 2031 -1.0
2759 223 -1.0
2759 296 1.0
2759 694 -1.0
2759 1077 1.0
2759 1240 -1.0
2759 1392 -1.0
2759 1575 -1.0
2759 1598 1.0
2759 1630 1.0
2759 1688 -1.0
2759 2266 -1.0
2761 1758 1.0
2771 1109 1.0
2771 2145 1.0
2771 2415 -1.0
2772 1339 -1.0
2777 896 1.0
2785 482 -1.0
2785 672 -1.0
2785 855 -1.0
2785 1051 -1.0
2789 1277 -1.0
2790 1431 1.0
2790 1629 -1.0
2799 31 1.0
2799 317 1.0
2799 631 -1.0
2799 665 1.0
2799 1833 1.0
2799 1854 1.0
2799 2213 1.0
2803 1758 -1.0
2804 1598 1.0
2805 1634 1.0
2812 13 -1.0
2812 154 -1.0
2812 229 -1.0
2812 694 1.0
2812 1286 -1.0
2812 1706 1.0
2812 1769 -1.0
2812 1849 1.0
2812 1922 1.0
2815 389 -1.0
2815 1880 -1.0
2819 1016 -1.0
2824 665 -1.0
2824 1052 -1.0
2824 1056 1.0
2824 1535 1.0
2828 364 -1.0
2828 495 1.0
2828 1217 1.0
2828 1347 -1.0
2828 1464 1.0
2828 1477 1.0
2828 1979 1.0
2829 19 1.0
2829 28 1.0
2829 557 1.0
2829 1132 1.0
2830 365 -1.0
2838 465 1.0
2838 1591 -1.0
2838 2322 -1.0
2841 1466 1.0
2843 325 -1.0
2843 495 1.0
2843 718 -1.0
2843 2101 1.0
2844 319 1.0
2844 364 1.0
2844 613 -1.0
2844 826 -1.0
2844 1014 1.0
2844 1466 -1.0
2844 1781 -1.0
2844 1906 -1.0
2852 1509 -1.0
2857 1799 1.0
2858 364 -1.0
2862 153 -1.0
2862 232 -1.0
2862 1509 1.0
2862 2100 1.0
2865 718 1.0
2865 2101 -1.0
2868 2358 -1.0
2874 527 -1.0
2874 610 1.0
2874 1006 -1.0
2874 1535 1.0
2874 1620 -1.0
2874 1646 1.0
2875 1020 -1.0
2882 87 1.0
2882 610 -1.0
2882 963 -1.0
2882 1056 -1.0
2882 1077 1.0
2882 1355 -1.0
2882 1495 1.0
2882 1674 -1.0
2882 1719 1.0
2882 2056 1.0
2883 144 -1.0
2883 495 1.0
2883 703 -1.0
2883 1528 1.0
2883 2410 -1.0
2895 298 -1.0
2895 338 -1.0
2895 364 -1.0
2895 753 -1.0
2895 826 1.0
2895 1066 -1.0
2895 1119 -1.0
2895 1410 -1.0
2895 1540 -1.0
2895 1569 -1.0
2895 1683 1.0
2895 1708 -1.0
2895 1799 1.0
2895 1922 -1.0
2895 1941 1.0
2895 2425 -1.0
2898 2223 1.0
2902 19 1.0
2902 123 -1.0
2902 730 1.0
2902 792 -1.0
2902 869 -1.0
2902 1139 -1.0
2905 381 1.0
2908 723 1.0
2908 1598 -1.0
2924 2349 -1.0
2927 694 -1.0
2927 2426 1.0
2930 2031 1.0
2935 1775 -1.0
2940 564 1.0
2942 421 1.0
2942 550 1.0
2942 2014 1.0
2942 2124 -1.0
2943 95 1.0
2943 1031 -1.0
2946 265 -1.0
2946 306 -1.0
2946 769 1.0
2946 858 -1.0
2946 1262 -1.0
2946 1617 1.0
2946 2270 -1.0
2946 2493 1.0
2951 1272 1.0
2951 2358 1.0
2958 223 1.0
2960 55 1.0
2960 129 -1.0
2960 235 1.0
2960 321 -1.0
2960 525 -1.0
2960 650 -1.0
2960 720 1.0
2960 767 1.0
2960 852 -1.0
2960 1061 -1.0
2960 1386 1.0
2960 1408 -1.0
2960 1697 -1.0
2960 1731 -1.0
2960 1870 -1.0
2960 1915 1.0
2960 2031 -1.0
2960 2133 -1.0
2960 2372 1.0
2968 686 -1.0
2968 2194 1.0
2971 480 1.0
2971 960 -1.0
2971 1032 1.0
2971 1348 1.0
2971 1636 -1.0
2978 527 1.0
2978 693 -1.0
2978 1956 1.0
2978 2100 1.0
2984 566 -1.0
2984 723 -1.0
2984 1132 -1.0
2985 2238 1.0
2988 525 -1.0
2988 2144 1.0
2989 1396 -1.0
2989 2124 -1.0
2989 2276 -1.0
2989 2399 -1.0
2990 1423 -1.0
2991 154 1.0
2991 1277 -1.0
2991 1570 1.0
2991 2017 1.0
2991 2489 -1.0
2992 1016 -1.0
2992 1710 1.0
2993 1466 1.0
2994 123 1.0
2994 792 1.0
2998 899 1.0
2999 1503 -1.0
2999 2184 1.0
3012 814 -1.0
3013 1386 -1.0
3014 569 1.0
3014 1016 1.0
3014 1928 -1.0
3017 1520 1.0
3017 1622 1.0
3018 626 -1.0
3018 694 1.0
3018 1016 1.0
3018 1271 -1.0
3018 1758 -1.0
3018 1951 -1.0
3018 2312 1.0
3020 30 1.0
3020 1903 1.0
3022 2110 1.0
3024 1660 -1.0
3024 2124 -1.0
3024 2225 -1.0
3026 522 1.0
3026 665 1.0
3029 160 -1.0
3029 177 -1.0
3029 797 1.0
3029 1132 -1.0
3030 400 1.0
3030 425 -1.0
3030 631 -1.0
3030 733 1.0
3030 835 -1.0
3030 900 -1.0
3030 1212 1.0
3030 1467 1.0
3030 1664 -1.0
3030 2274 1.0
3031 1535 1.0
3035 1509 -1.0
3035 1557 1.0
3037 602 1.0
3039 2019 -1.0
3046 275 -1.0
3046 869 1.0
3046 1139 1.0
3046 1924 -1.0
3047 826 1.0
3047 1466 1.0
3047 2165 1.0
3048 822 -1.0
3048 883 -1.0
3048 1856 1.0
3049 223 -1.0
3049 2349 -1.0
3051 1569 -1.0
3053 1732 -1.0
3053 2234 1.0
3063 743 -1.0
3063 1337 1.0
3063 1745 1.0
3063 2358 1.0
3067 368 1.0
3067 936 -1.0
3067 1622 1.0
3067 1880 1.0
3067 2079 1.0
3072 332 -1.0
3073 399 -1.0
3073 569 -1.0
3073 1928 1.0
3076 1160 1.0
3076 1903 -1.0
3076 2194 -1.0
3077 37 1.0
3077 1520 1.0
3079 95 1.0
3079 802 -1.0
3079 1103 -1.0
3079 1683 -1.0
3079 1849 1.0
3079 1897 1.0
3079 1922 1.0
3079 2322 -1.0
3079 2437 -1.0
3080 229 1.0
3080 856 -1.0
3080 1277 -1.0
3080 2006 -1.0
3080 2017 1.0
3083 564 -1.0
3084 767 -1.0
3087 395 -1.0
3087 1175 1.0
3087 1503 1.0
3087 2489 1.0
3091 971 1.0
3091 1503 -1.0
3094 2283 -1.0
3095 650 1.0
3095 1445 -1.0
3095 1915 -1.0
3095 2121 -1.0
3095 2487 1.0
3098 1629 1.0
3098 2206 1.0
3100 1031 1.0
3102 1607 -1.0
3102 1880 1.0
3102 2124 -1.0
3103 614 1.0
3104 694 -1.0
3104 1745 -1.0
3106 364 -1.0
3107 614 -1.0
3110 1520 -1.0
3113 2087 1.0
3115 435 -1.0
3115 814 -1.0
3115 1509 -1.0
3115 1557 1.0
3121 1347 -1.0
3123 1607 -1.0
3127 1466 -1.0
3127 2121 1.0
3128 1512 1.0
3136 265 -1.0
3137 391 1.0
3137 521 1.0
3137 557 1.0
3137 828 -1.0
3137 1019 1.0
3137 1132 1.0
3137 1253 -1.0
3137 1879 -1.0
3137 2480 -1.0
3139 465 -1.0
3139 1743 1.0
3142 90 1.0
3142 338 1.0
3142 1134 -1.0
3143 116 -1.0
3144 296 -1.0
3144 694 1.0
3144 1392 1.0
3144 1575 1.0
3144 1630 -1.0
3149 1406 -1.0
3155 767 1.0
3155 1993 -1.0
3156 475 -1.0
3156 860 -1.0
3156 1622 1.0
3156 1988 1.0
3156 2042 1.0
3158 2486 1.0
3160 229 -1.0
3160 731 1.0
3160 1607 1.0
3161 1109 1.0
3161 1919 -1.0
3161 2145 1.0
3161 2297 -1.0
3161 2415 -1.0
3162 1466 -1.0
3170 446 -1.0
3178 557 -1.0
3178 1132 -1.0
3178 1879 1.0
3179 116 -1.0
3179 2112 1.0
3179 2297 -1.0
3182 1051 -1.0
3183 171 -1.0
3183 365 -1.0
3183 515 -1.0
3183 631 1.0
3183 1086 -1.0
3183 1093 1.0
3183 1395 1.0
3183 1408 -1.0
3183 1540 1.0
3183 1596 1.0
3183 1683 -1.0
3183 1941 -1.0
3183 1993 -1.0
3183 2037 1.0
3183 2125 1.0
3183 2150 -1.0
3183 2161 1.0
3190 845 1.0
3190 1304 -1.0
3190 2124 1.0
3193 1134 1.0
3201 1240 1.0
3204 808 1.0
3204 975 1.0
3204 1134 1.0
3204 1466 1.0
3208 614 1.0
3208 1928 -1.0
3211 631 -1.0
3217 317 1.0
3217 1304 -1.0
3221 1535 1.0
3224 527 1.0
3225 1500 1.0
3231 27 1.0
3231 28 1.0
3231 475 -1.0
3231 527 1.0
3231 543 1.0
3231 1005 -1.0
3231 1052 1.0
3231 1185 1.0
3231 1219 1.0
3231 1245 1.0
3231 1518 1.0
3231 1569 1.0
3231 1650 -1.0
3231 1956 1.0
3231 1988 1.0
3231 2042 1.0
3231 2308 -1.0
3231 2342 1.0
3234 365 -1.0
3236 1879 1.0
3237 142 -1.0
3237 294 -1.0
3237 317 1.0
3237 550 -1.0
3237 576 -1.0
3237 631 -1.0
3237 1156 -1.0
3237 1304 -1.0
3237 1411 1.0
3237 1655 1.0
3237 1668 1.0
3237 1804 -1.0
3237 2313 -1.0
3242 527 -1.0
3245 26 -1.0
3246 389 1.0
3246 1606 1.0
3246 2124 -1.0
3247 899 -1.0
3254 2322 1.0
3255 686 1.0
3255 1008 1.0
3259 1519 1.0
3264 344 -1.0
3264 720 -1.0
3264 1047 -1.0
3264 1298 -1.0
3264 1426 -1.0
3264 1559 -1.0
3264 1846 1.0
3264 2112 1.0
3264 2297 -1.0
3264 2419 -1.0
3268 2489 1.0
3271 265 -1.0
3271 856 1.0
3272 2206 -1.0
3274 694 -1.0
3274 1598 1.0
3276 2358 1.0
3277 27 1.0
3277 421 1.0
3277 481 1.0
3277 527 1.0
3277 550 1.0
3277 1087 -1.0
3277 1690 -1.0
3277 2031 1.0
3277 2276 -1.0
3281 1683 -1.0
3281 1758 -1.0
3281 1849 1.0
3282 2112 1.0
3283 1347 1.0
3283 2330 -1.0
3286 1617 1.0
3287 265 -1.0
3288 95 1.0
3288 1708 1.0
3288 1838 -1.0
3288 2119 -1.0
3290 177 1.0
3290 1032 1.0
3290 1132 1.0
3290 1320 1.0
3290 1879 -1.0
3291 2401 -1.0
3295 1743 1.0
3304 2124 -1.0
3307 614 -1.0
3307 1348 1.0
3307 1606 1.0
3307 2124 -1.0
3307 2225 -1.0
3309 740 1.0
3316 675 -1.0
3316 1957 1.0
3317 1338 1.0
3318 51 1.0
3318 698 1.0
3320 364 -1.0
3320 2121 -1.0
3320 2159 1.0
3324 223 1.0
3324 2087 -1.0
3325 221 -1.0
3325 503 -1.0
3325 1160 1.0
3329 1928 -1.0
3331 1132 -1.0
3335 139 -1.0
3335 610 -1.0
3335 1569 1.0
3335 1683 -1.0
3335 2310 1.0
3337 465 -1.0
3339 298 -1.0
3339 543 -1.0
3339 923 1.0
3339 2103 -1.0
3342 547 1.0
3342 1184 -1.0
3342 1396 -1.0
3342 1607 -1.0
3342 2412 1.0
3343 1134 -1.0
3344 323 1.0
3344 814 1.0
3344 1453 -1.0
3344 1557 -1.0
3344 1654 1.0
3346 180 -1.0
3346 1743 1.0
3347 1708 1.0
3348 37 1.0
3348 178 1.0
3348 655 1.0
3348 672 -1.0
3348 675 1.0
3348 718 1.0
3348 770 1.0
3348 961 1.0
3348 974 1.0
3348 1535 1.0
3348 1721 -1.0
3348 1786 -1.0
3348 1957 -1.0
3348 2448 1.0
3351 95 -1.0
3351 355 1.0
3351 381 -1.0
3351 465 1.0
3351 612 1.0
3351 1020 -1.0
3351 1031 1.0
3351 1714 -1.0
3351 1746 1.0
3351 1804 1.0
3351 2326 1.0
3355 365 -1.0
3355 1612 1.0
3355 1708 1.0
3357 2124 -1.0
3358 153 1.0
3358 527 -1.0
3358 543 -1.0
3358 1569 -1.0
3358 1683 1.0
3358 1758 1.0
3358 1988 -1.0
3358 2042 -1.0
3360 355 -1.0
3360 364 1.0
3360 654 1.0
3360 1906 -1.0
3360 1922 1.0
3360 2177 1.0
3363 1903 1.0
3370 1483 1.0
3371 405 1.0
3371 885 1.0
3371 1189 -1.0
3371 1488 -1.0
3371 1766 1.0
3371 1971 -1.0
3373 2019 -1.0
3378 569 1.0
3378 1016 1.0
3378 1476 1.0
3378 1928 -1.0
3378 2312 1.0
3379 475 -1.0
3379 527 1.0
3379 1005 -1.0
3379 1518 1.0
3379 2042 1.0
3382 614 -1.0
3391 527 1.0
3394 103 1.0
3394 144 1.0
3394 1189 1.0
3394 1528 -1.0
3394 1898 1.0
3394 2090 -1.0
3394 2305 1.0
3394 2335 1.0
3394 2410 1.0
3397 856 1.0
3397 1607 1.0
3399 453 1.0
3401 727 -1.0
3401 1775 -1.0
3408 1304 -1.0
3408 1411 1.0
3408 1744 -1.0
3408 1746 -1.0
3408 1804 -1.0
3408 1857 1.0
3408 2404 1.0
3409 1683 1.0
3413 2009 1.0
3414 144 -1.0
3414 153 1.0
3414 665 -1.0
3414 1034 1.0
3414 1189 -1.0
3414 1423 1.0
3414 1528 1.0
3414 2410 -1.0
3418 365 1.0
3418 2238 1.0
3419 564 1.0
3419 701 -1.0
3419 727 -1.0
3419 1164 -1.0
3419 1775 -1.0
3419 2029 -1.0
3419 2107 1.0
3419 2274 -1.0
3420 107 1.0
3422 658 -1.0
3422 1502 1.0
3423 1032 -1.0
3423 1901 -1.0
3424 399 -1.0
3424 569 -1.0
3424 755 1.0
3424 1528 -1.0
3424 1880 1.0
3427 698 1.0
3427 2486 -1.0
3428 2 -1.0
3428 1272 -1.0
3428 1634 1.0
3430 556 1.0
3430 1722 1.0
3430 2486 1.0
3431 1714 1.0
3434 389 1.0
3434 1706 -1.0
3443 364 1.0
3443 462 -1.0
3443 767 1.0
3452 785 1.0
3454 116 1.0
3459 1502 -1.0
3460 564 -1.0
3460 1706 -1.0
3460 2017 1.0
3462 1570 -1.0
3462 1922 1.0
3464 2093 1.0
3466 1506 -1.0
3468 1500 1.0
3469 2145 1.0
3478 439 1.0
3478 826 1.0
3478 1573 -1.0
3478 1665 -1.0
3478 1683 1.0
3478 2031 -1.0
3478 2337 1.0
3478 2425 -1.0
3484 429 1.0
3484 527 1.0
3484 610 -1.0
3484 2042 1.0
3488 485 -1.0
3488 1743 -1.0
3488 2184 -1.0
3488 2219 1.0
3489 527 1.0
3494 116 1.0
3494 332 1.0
3494 451 1.0
3494 2072 1.0
3494 2213 -1.0
3494 2297 1.0
3494 2415 1.0
3496 210 -1.0
3496 937 1.0
3496 1502 -1.0
3496 1706 1.0
3496 1901 -1.0
3499 2110 1.0
3502 116 -1.0
3507 1437 -1.0
3507 2019 1.0
3509 2124 1.0
3509 2145 1.0
3509 2233 1.0
3519 1052 -1.0
3519 1056 1.0
3519 1939 -1.0
3523 40 1.0
3526 899 -1.0
3526 1111 -1.0
3526 1509 -1.0
3528 1132 -1.0
3530 171 1.0
3530 245 1.0
3530 308 -1.0
3530 566 1.0
3530 753 -1.0
3530 1158 -1.0
3530 1502 1.0
3530 1540 -1.0
3530 1706 -1.0
3530 1743 1.0
3530 1849 -1.0
3530 1957 -1.0
3530 2219 -1.0
3532 365 -1.0
3532 614 1.0
3532 1008 1.0
3532 1107 1.0
3532 1127 1.0
3532 2197 -1.0
3532 2206 1.0
3533 1845 -1.0
3541 95 1.0
3541 1714 1.0
3543 154 -1.0
3547 614 -1.0
3548 665 -1.0
3548 723 1.0
3549 68 -1.0
3549 122 1.0
3549 129 1.0
3549 235 -1.0
3549 370 -1.0
3549 464 1.0
3549 495 1.0
3549 634 -1.0
3549 1537 -1.0
3549 1835 1.0
3549 1894 -1.0
3549 2124 -1.0
3549 2137 -1.0
3549 2472 1.0
3550 564 -1.0
3556 1052 1.0
3556 1939 1.0
3558 1024 1.0
3558 1339 1.0
3558 1922 1.0
3559 144 -1.0
3559 582 1.0
3559 703 -1.0
3559 1437 -1.0
3559 1509 -1.0
3559 1519 1.0
3559 1928 -1.0
3559 2019 1.0
3559 2090 1.0
3559 2223 1.0
3559 2410 -1.0
3560 1384 1.0
3564 28 -1.0
3564 602 1.0
3564 609 1.0
3564 1063 -1.0
3564 1132 -1.0
3564 1189 1.0
3564 1302 1.0
3564 1388 -1.0
3564 1906 -1.0
3564 2087 -1.0
3564 2234 -1.0
3566 177 1.0
3566 936 -1.0
3573 275 1.0
3573 876 1.0
3576 998 -1.0
3577 1500 1.0
3577 1815 -1.0
3577 1845 -1.0
3577 2234 -1.0
3578 755 1.0
3578 1766 -1.0
3582 2184 -1.0
3588 27 -1.0
3588 421 -1.0
3588 457 1.0
3588 465 -1.0
3588 481 -1.0
3588 550 -1.0
3588 576 -1.0
3588 940 1.0
3588 1156 -1.0
3588 1655 1.0
3588 1721 -1.0
3588 1804 -1.0
3588 1949 -1.0
3588 1961 -1.0
3588 2101 -1.0
3588 2276 1.0
3591 1815 1.0
3591 2052 -1.0
3591 2087 1.0
3597 881 -1.0
3597 2006 1.0
3599 116 1.0
3601 381 -1.0
3606 1743 1.0
3606 1754 1.0
3608 665 1.0
3608 1423 -1.0
3608 2121 -1.0
3609 17 -1.0
3609 227 1.0
3609 818 -1.0
3609 1277 1.0
3609 1607 1.0
3609 2192 1.0
3609 2493 1.0
3612 116 1.0
3612 265 1.0
3612 1462 1.0
3612 1706 -1.0
3614 665 1.0
3614 2009 1.0
3617 1240 -1.0
3619 2486 -1.0
3622 1775 1.0
3624 2121 1.0
3626 1775 1.0
3626 2121 -1.0
3627 352 -1.0
3627 694 1.0
3627 697 -1.0
3627 1745 1.0
3627 2426 -1.0
3629 1476 -1.0
3629 1928 1.0
3629 2404 1.0
3636 566 1.0
3642 686 -1.0
3642 1731 1.0
3642 2194 1.0
3651 1108 -1.0
3651 1502 -1.0
3655 365 -1.0
3655 2256 1.0
3663 1466 -1.0
3667 495 -1.0
3667 531 -1.0
3667 975 -1.0
3667 1503 -1.0
3684 2261 1.0
3686 26 1.0
3686 153 -1.0
3686 610 -1.0
3686 1043 -1.0
3686 1326 -1.0
3686 2009 1.0
3687 526 1.0
3688 2031 1.0
3689 365 1.0
3696 2121 1.0
3697 153 -1.0
3697 665 1.0
3697 928 -1.0
3697 1557 -1.0
3697 1686 -1.0
3697 2121 -1.0
3703 265 1.0
3703 1406 -1.0
3705 1134 1.0
3708 522 -1.0
3708 534 1.0
3708 1084 -1.0
3708 1722 -1.0
3708 2404 1.0
3711 495 -1.0
3718 1240 -1.0
3722 650 -1.0
3722 720 1.0
3728 884 1.0
3730 525 -1.0
3730 2121 1.0
3732 655 1.0
3732 718 1.0
3732 1957 -1.0
3732 2101 -1.0
3735 1301 1.0
3735 1509 1.0
3735 1629 1.0
3739 1250 1.0
3741 37 1.0
3741 251 1.0
3741 299 1.0
3741 974 1.0
3741 1520 1.0
3741 1582 -1.0
3741 1927 1.0
3741 2019 1.0
3741 2435 -1.0
3745 767 -1.0
3745 1108 1.0
3745 1901 1.0
3746 698 1.0
3749 1253 1.0
3750 265 -1.0
3750 388 1.0
3750 1348 -1.0
3750 1396 1.0
3760 2019 -1.0
3761 1304 -1.0
3761 1744 -1.0
3764 294 -1.0
3764 631 -1.0
3764 727 1.0
3764 1089 -1.0
3766 814 1.0
3766 936 -1.0
3766 1240 1.0
3766 1569 1.0
3766 2031 1.0
3768 364 -1.0
3772 301 1.0
3773 693 1.0
3778 1535 -1.0
3779 1634 -1.0
3781 1607 1.0
3783 1706 -1.0
3785 569 1.0
3785 1928 -1.0
3790 221 1.0
3790 876 -1.0
3790 1160 -1.0
3790 1483 -1.0
3796 223 -1.0
3796 2349 -1.0
3805 1520 1.0
3805 1880 1.0
3805 2410 1.0
3806 614 1.0
3808 1411 -1.0
3809 963 1.0
3809 1798 -1.0
3812 1466 -1.0
3815 48 -1.0
3815 346 1.0
3815 389 1.0
3815 421 1.0
3815 522 -1.0
3815 527 1.0
3815 550 1.0
3815 1396 -1.0
3815 1523 1.0
3815 1641 -1.0
3815 1690 -1.0
3815 1730 -1.0
3815 2112 -1.0
3815 2276 -1.0
3815 2447 -1.0
3826 475 1.0
3828 2009 1.0
3835 1500 1.0
3835 1769 -1.0
3840 475 1.0
3840 1052 -1.0
3840 1462 -1.0
3840 1518 -1.0
3844 962 -1.0
3844 1502 -1.0
3844 1509 1.0
3848 1081 1.0
3848 1272 1.0
3851 276 -1.0
3851 389 1.0
3851 475 -1.0
3851 530 -1.0
3851 1005 -1.0
3851 1184 -1.0
3851 1518 1.0
3851 1520 1.0
3851 1622 1.0
3851 2042 1.0
3854 1476 1.0
3857 275 -1.0
3857 876 -1.0
3857 2019 -1.0
3857 2165 -1.0
3858 2165 1.0
3866 154 -1.0
3866 229 -1.0
3866 856 1.0
3866 1277 1.0
3866 2017 -1.0
3867 814 1.0
3867 1714 -1.0
3867 2292 -1.0
3868 1708 1.0
3868 1810 -1.0
3869 1722 -1.0
3870 753 1.0
3870 1706 1.0
3870 1799 -1.0
3870 2261 1.0
3876 2305 -1.0
3876 2311 -1.0
3878 453 -1.0
3878 556 -1.0
3878 1053 -1.0
3878 1198 1.0
3878 1564 -1.0
3878 2283 1.0
3879 296 -1.0
3879 694 1.0
3883 2404 -1.0
3890 495 1.0
3890 928 -1.0
3890 1464 1.0
3891 1629 -1.0
3892 495 -1.0
3894 2165 -1.0
3898 115 1.0
3898 364 -1.0
3898 1023 -1.0
3898 1338 -1.0
3898 1445 -1.0
3898 1536 1.0
3898 1906 1.0
3898 2487 1.0
3899 116 -1.0
3899 1535 1.0
3900 183 -1.0
3900 997 -1.0
3900 1854 -1.0
3900 2033 -1.0
3902 1381 -1.0
3902 1745 1.0
3902 2426 -1.0
3905 1907 -1.0
3905 2084 -1.0
3906 399 -1.0
3906 614 -1.0
3906 2087 -1.0
3907 1466 1.0
3910 2283 1.0
3916 300 1.0
3916 1053 -1.0
3916 1862 -1.0
3916 2093 -1.0
3922 121 -1.0
3922 824 1.0
3922 1640 -1.0
3922 1742 1.0
3922 1743 1.0
3922 1754 1.0
3922 2262 -1.0
3922 2454 -1.0
3923 144 1.0
3924 2033 1.0
3925 2019 1.0
3925 2165 1.0
3926 115 1.0
3926 364 -1.0
3926 809 -1.0
3926 1023 -1.0
3926 1338 -1.0
3926 1445 -1.0
3926 1906 1.0
3926 1915 -1.0
3926 2108 1.0
3926 2159 1.0
3926 2448 -1.0
3930 350 1.0
3930 535 -1.0
3930 1023 1.0
3930 1982 1.0
3930 2238 1.0
3931 655 -1.0
3931 675 -1.0
3931 1117 1.0
3935 2349 1.0
3936 26 -1.0
3936 492 1.0
3936 1262 1.0
3936 1350 1.0
3936 1406 -1.0
3936 2074 -1.0
3936 2121 1.0
3938 265 -1.0
3939 582 1.0
3940 480 -1.0
3940 614 1.0
3940 634 1.0
3940 1348 -1.0
3940 1502 -1.0
3940 1636 1.0
3952 1476 1.0
3952 2420 -1.0
3953 960 -1.0
3953 1301 -1.0
3953 1406 -1.0
3953 1502 1.0
3953 1902 1.0
3953 2333 -1.0
3955 1217 1.0
3955 1466 1.0
3958 1766 -1.0
3960 3 1.0
3960 389 -1.0
3960 755 -1.0
3960 871 -1.0
3960 1528 1.0
3960 1660 1.0
3960 1974 -1.0
3960 2124 1.0
3962 1683 1.0
3963 1798 1.0
3969 245 -1.0
3969 308 1.0
3969 792 1.0
3969 1158 1.0
3969 1502 -1.0
3969 1509 1.0
3969 1706 1.0
3969 1812 -1.0
3969 1901 -1.0
3969 1902 -1.0
3969 2219 1.0
3971 2093 -1.0
3972 899 -1.0
3972 1569 -1.0
3973 1815 1.0
3974 2225 -1.0
3976 1134 -1.0
3977 87 1.0
3977 1051 -1.0
3977 1304 -1.0
3977 1744 -1.0
3979 566 -1.0
3979 2376 1.0
3988 465 1.0
3988 2426 1.0
3990 1312 1.0
3991 40 1.0
3991 123 1.0
3991 699 1.0
3991 1072 1.0
3991 1080 -1.0
3991 1266 1.0
3991 1509 1.0
3991 1719 -1.0
3991 1766 -1.0
3991 2240 1.0
3997 2384 -1.0
4005 1406 -1.0
4005 1607 -1.0
4005 2124 -1.0
4008 822 -1.0
4017 1854 -1.0
4021 2240 -1.0
4026 527 -1.0
4027 826 1.0
4033 375 1.0
4033 515 1.0
4033 1081 1.0
4035 1735 1.0
4035 1880 -1.0
4035 2124 1.0
4041 229 1.0
4043 116 1.0
4043 136 1.0
4043 365 1.0
4043 375 1.0
4043 1081 1.0
4043 1122 1.0
4043 1176 1.0
4043 1393 1.0
4043 1503 -1.0
4043 1528 -1.0
4043 1699 -1.0
4043 1798 1.0
4043 2197 1.0
4043 2238 1.0
4047 1134 -1.0
4050 221 1.0
4050 485 1.0
4050 1160 -1.0
4050 1500 -1.0
4050 1903 1.0
4050 2194 1.0
4055 2019 -1.0
4058 566 1.0
4058 843 1.0
4059 1386 -1.0
4062 95 -1.0
4064 485 1.0
4065 1570 -1.0
4071 399 1.0
4071 755 -1.0
4071 2410 -1.0
4077 1434 -1.0
4077 1688 1.0
4079 650 -1.0
4079 767 1.0
4079 1108 -1.0
4081 229 1.0
4081 265 1.0
4081 856 -1.0
4081 1277 -1.0
4084 153 -1.0
4093 971 -1.0
4093 1411 -1.0
4097 176 1.0
4097 940 -1.0
4097 1337 -1.0
4097 1445 -1.0
4097 1460 -1.0
4097 1745 -1.0
4097 1888 1.0
4097 1922 -1.0
4100 48 1.0
4100 971 1.0
4100 1111 1.0
4100 2112 1.0
4101 317 1.0
4105 1758 -1.0
4121 1503 -1.0
4132 171 -1.0
4132 753 1.0
4132 1743 -1.0
4132 1957 1.0
4136 1339 1.0
4136 1381 -1.0
4136 1512 1.0
4136 1745 1.0
4139 1050 1.0
4141 1706 -1.0
4142 261 -1.0
4142 519 -1.0
4142 1766 1.0
4144 1766 1.0
4147 739 -1.0
4147 1198 -1.0
4147 1431 1.0
4147 1629 -1.0
4153 856 -1.0
4153 1607 -1.0
4156 389 1.0
4156 475 -1.0
4156 1005 -1.0
4156 1569 1.0
4156 1622 1.0
4156 1719 1.0
4156 1988 1.0
4156 2042 1.0
4156 2240 -1.0
4159 1421 1.0
4159 1975 1.0
4159 2042 1.0
4167 1598 -1.0
4170 265 1.0
4170 1406 -1.0
4172 157 1.0
4172 221 1.0
4172 321 1.0
4172 1731 1.0
4172 1971 -1.0
4172 2194 1.0
4177 2087 -1.0
4183 364 1.0
4183 1347 1.0
4186 527 -1.0
4186 1381 1.0
4186 1512 -1.0
4186 1606 -1.0
4187 566 -1.0
4199 899 -1.0
4199 1805 1.0
4199 2305 -1.0
4200 79 -1.0
4200 210 1.0
4200 928 -1.0
4200 1445 -1.0
4200 1464 1.0
4200 1754 -1.0
4200 2486 -1.0
4205 485 -1.0
4205 1304 1.0
4205 1903 -1.0
4208 1557 1.0
4208 2100 -1.0
4208 2397 -1.0
4210 2410 -1.0
4211 119 1.0
4211 232 1.0
4211 703 -1.0
4211 1311 -1.0
4211 1387 -1.0
4211 1785 -1.0
4211 2256 1.0
4211 2270 1.0
4216 1758 1.0
4217 313 -1.0
4217 1993 -1.0
4217 2121 1.0
4222 300 -1.0
4222 958 1.0
4222 1053 1.0
4222 1529 -1.0
4222 1640 -1.0
4222 1862 1.0
4222 2093 1.0
4222 2283 -1.0
4223 300 1.0
4223 485 -1.0
4223 960 1.0
4223 1396 1.0
4223 1502 -1.0
4223 1503 1.0
4223 1529 1.0
4223 1634 1.0
4223 2206 1.0
4223 2219 1.0
4226 275 -1.0
4226 963 1.0
4226 2056 -1.0
4230 614 -1.0
4231 79 1.0
4231 558 -1.0
4231 569 1.0
4231 597 -1.0
4231 626 -1.0
4231 694 1.0
4231 805 -1.0
4231 824 1.0
4231 1016 1.0
4231 1123 1.0
4231 1598 -1.0
4231 1631 1.0
4231 1640 -1.0
4231 1758 -1.0
4231 1860 -1.0
4231 1928 -1.0
4231 2110 1.0
4231 2312 1.0
4231 2426 -1.0
4232 464 1.0
4232 940 -1.0
4232 1835 1.0
4232 2397 -1.0
4241 557 1.0
4241 563 1.0
4241 813 -1.0
4241 1396 -1.0
4241 1406 -1.0
4241 2240 -1.0
4245 346 -1.0
4245 1766 -1.0
4245 2042 -1.0
4253 265 1.0
4253 1607 -1.0
4254 881 -1.0
4257 116 -1.0
4258 557 -1.0
4258 723 -1.0
4258 1244 -1.0
4258 1363 -1.0
4258 1924 -1.0
4258 2231 1.0
4260 224 -1.0
4260 229 -1.0
4260 289 -1.0
4260 330 1.0
4260 332 -1.0
4260 352 -1.0
4260 451 -1.0
4260 666 -1.0
4260 694 1.0
4260 991 -1.0
4260 1580 -1.0
4260 1630 -1.0
4260 1706 1.0
4260 1802 -1.0
4260 2072 -1.0
4260 2426 -1.0
4261 614 -1.0
4264 1396 1.0
4267 229 1.0
4267 1706 -1.0
4268 765 1.0
4268 2019 1.0
4268 2269 1.0
4273 142 1.0
4273 294 1.0
4273 2126 1.0
4274 342 1.0
4274 1784 1.0
4274 2119 1.0
4275 693 1.0
4275 767 1.0
4275 1535 1.0
4277 928 -1.0
4277 1347 -1.0
4283 1598 -1.0
4283 1737 -1.0
4284 767 -1.0
4286 1466 -1.0
4288 526 -1.0
4288 813 -1.0
4288 1722 1.0
4288 1915 1.0
4288 2264 -1.0
4288 2486 1.0
4290 86 -1.0
4290 376 -1.0
4290 382 1.0
4290 697 1.0
4290 814 -1.0
4290 1051 -1.0
4290 1304 -1.0
4290 1481 1.0
4290 2031 -1.0
4291 1798 -1.0
4292 223 1.0
4303 2349 1.0
4306 1107 1.0
4308 153 1.0
4308 283 -1.0
4308 1509 -1.0
4308 1557 1.0
4311 1758 -1.0
4315 2410 -1.0
4318 2312 -1.0
4318 2389 -1.0
4318 2466 1.0
4319 221 1.0
4319 1160 -1.0
4319 1483 -1.0
4320 1109 1.0
4320 1129 -1.0
4320 2062 -1.0
4320 2297 -1.0
4320 2330 1.0
4320 2376 -1.0
4323 389 1.0
4323 1880 1.0
4324 723 -1.0
4326 1851 -1.0
4336 1005 -1.0
4336 1056 -1.0
4336 1287 -1.0
4336 1535 -1.0
4336 2009 1.0
4337 229 1.0
4337 856 -1.0
4338 2283 -1.0
4339 1008 -1.0
4339 1408 1.0
4342 171 -1.0
4342 287 -1.0
4342 753 1.0
4342 1540 1.0
4342 1743 -1.0
4343 332 1.0
4343 1311 1.0
4343 1802 1.0
4343 2238 1.0
4344 1132 -1.0
4353 1154 -1.0
4355 365 -1.0
4359 2206 1.0
4362 2297 -1.0
4367 1557 1.0
4369 1502 -1.0
4371 1569 -1.0
4371 2029 -1.0
4372 526 1.0
4372 1915 -1.0
4372 2179 -1.0
4372 2426 1.0
4372 2486 -1.0
4373 693 1.0
4378 1706 1.0
4379 1607 -1.0
4381 1093 1.0
4390 116 1.0
4391 2124 -1.0
4392 1053 -1.0
4392 2087 1.0
4392 2093 -1.0
4394 610 -1.0
4394 963 -1.0
4394 2165 1.0
4398 1922 -1.0
4401 694 1.0
4401 1445 1.0
4401 2426 -1.0
4406 2031 1.0
4407 1687 1.0
4413 86 1.0
4413 634 -1.0
4413 1787 -1.0
4413 2122 -1.0
4415 243 1.0
4415 610 -1.0
4415 2105 -1.0
4419 1002 1.0
4419 1139 1.0
4419 1437 1.0
4419 2017 -1.0
4419 2019 -1.0
4419 2165 -1.0
4425 812 -1.0
4425 2029 1.0
4425 2031 1.0
4437 461 -1.0
4437 2124 1.0
4437 2225 1.0
4438 1708 -1.0
4438 2384 1.0
4438 2427 1.0
4439 1466 -1.0
4439 2297 1.0
4441 2124 1.0
4443 568 1.0
4443 1502 1.0
4443 1901 1.0
4446 381 1.0
4446 701 1.0
4446 2029 1.0
4447 1277 1.0
4447 1298 -1.0
4449 2410 -1.0
4455 296 1.0
4455 759 1.0
4455 813 1.0
4455 822 -1.0
4455 1301 1.0
4455 1406 1.0
4455 2325 -1.0
4455 2333 1.0
4456 2358 -1.0
4457 26 1.0
4459 482 -1.0
4459 672 -1.0
4459 855 -1.0
4459 1468 1.0
4460 399 1.0
4460 755 -1.0
4464 1607 -1.0
4465 566 1.0
4465 2062 -1.0
4465 2283 1.0
4474 26 -1.0
4474 224 1.0
4474 265 1.0
4474 352 1.0
4474 451 1.0
4474 492 1.0
4474 743 1.0
4474 849 1.0
4474 989 1.0
4474 1229 -1.0
4474 1350 1.0
4474 1466 -1.0
4474 1557 1.0
4474 1572 -1.0
4474 1655 -1.0
4474 1662 1.0
4474 1706 -1.0
4474 1745 -1.0
4474 2075 1.0
4476 1134 -1.0
4482 870 1.0
4482 1134 1.0
4487 665 1.0
4487 1854 1.0
4490 1903 -1.0
4491 1535 1.0
4492 1298 1.0
4493 53 1.0
4493 301 1.0
4493 723 -1.0
4493 1853 -1.0
4493 2062 1.0
4495 399 1.0
4495 755 -1.0
4495 1528 1.0
4496 465 -1.0
4496 1020 1.0
4496 1110 -1.0
4504 1132 1.0
4506 1198 -1.0
4506 1629 -1.0
4507 1453 1.0
4507 1476 -1.0
4510 5 -1.0
4510 352 1.0
4510 1051 -1.0
4510 1745 -1.0
4511 221 1.0
4525 1758 -1.0
4525 2312 1.0
4527 2031 -1.0
4529 1506 -1.0
4532 1050 1.0
4532 1283 -1.0
4532 1754 1.0
4532 2030 1.0
4532 2105 1.0
4533 522 1.0
4533 1466 1.0
4536 1758 -1.0
4543 53 1.0
4543 482 1.0
4543 655 -1.0
4543 665 1.0
4543 675 -1.0
4543 1416 1.0
4543 1423 -1.0
4543 1535 -1.0
4549 154 1.0
4549 224 1.0
4549 229 1.0
4549 731 -1.0
4549 856 -1.0
4549 2058 -1.0
4551 108 1.0
4551 165 -1.0
4551 884 -1.0
4551 1743 -1.0
4551 2206 1.0
4551 2454 1.0
4552 785 -1.0
4552 1631 1.0
4552 1722 1.0
4552 2404 -1.0
4552 2486 1.0
4556 28 -1.0
4556 540 -1.0
4556 614 -1.0
4556 738 1.0
4556 847 1.0
4556 922 1.0
4556 1476 -1.0
4556 1722 -1.0
4556 1928 1.0
4556 2404 1.0
4565 27 -1.0
4565 28 -1.0
4565 475 1.0
4565 527 -1.0
4565 1031 -1.0
4565 1050 1.0
4565 1052 -1.0
4565 1063 -1.0
4565 1171 1.0
4565 1219 -1.0
4565 1453 1.0
4565 1462 -1.0
4565 1518 -1.0
4565 1535 1.0
4565 2030 1.0
4565 2042 -1.0
4565 2401 -1.0
4565 2446 1.0
4567 901 1.0
4567 1476 -1.0
4567 1722 -1.0
4567 1758 1.0
4569 1500 -1.0
4574 1087 -1.0
4575 1683 1.0
4586 614 -1.0
4586 2150 1.0
4591 495 1.0
4592 1462 -1.0
4600 569 1.0
4600 626 -1.0
4600 1928 -1.0
4605 1464 -1.0
4607 1727 1.0
4607 1845 1.0
4607 2389 -1.0
4618 27 -1.0
4618 346 -1.0
4618 382 1.0
4618 513 1.0
4618 527 -1.0
4618 2122 1.0
4618 2433 -1.0
4620 275 -1.0
4620 1184 1.0
4620 2042 -1.0
4622 2358 1.0
4625 1460 1.0
4627 1016 -1.0
4627 1699 -1.0
4627 1710 1.0
4627 2238 1.0
4629 1277 1.0
4629 1298 -1.0
4629 1343 -1.0
4629 2112 1.0
4633 229 1.0
4638 694 -1.0
4639 223 1.0
4639 1139 1.0
4639 1266 1.0
4639 2019 -1.0
4639 2107 1.0
4639 2165 -1.0
4642 116 1.0
4642 698 -1.0
4642 1047 1.0
4642 2330 -1.0
4647 485 -1.0
4647 1189 1.0
4647 1731 -1.0
4647 2023 1.0
4647 2103 1.0
4647 2206 1.0
4649 856 -1.0
4649 1607 -1.0
4658 318 -1.0
4658 364 1.0
4658 1115 -1.0
4658 1906 -1.0
4658 2029 1.0
4658 2159 -1.0
4659 163 1.0
4659 694 -1.0
4659 1706 -1.0
4659 1745 -1.0
4659 2426 1.0
4660 180 -1.0
4660 1050 1.0
4660 1743 1.0
4660 1810 1.0
4660 2384 1.0
4660 2446 1.0
4663 626 1.0
4663 694 -1.0
4663 1598 1.0
4663 1688 -1.0
4663 1745 -1.0
4663 1758 1.0
4663 1884 -1.0
4663 2312 -1.0
4663 2426 1.0
4665 1785 1.0
4666 19 1.0
4666 792 -1.0
4666 869 -1.0
4666 1217 -1.0
4666 1338 1.0
4674 2283 1.0
4676 1528 -1.0
4679 116 1.0
4682 223 -1.0
4682 1520 1.0
4683 180 -1.0
4683 1050 1.0
4683 1385 1.0
4683 1743 1.0
4683 1754 1.0
4684 19 -1.0
4684 792 1.0
4684 1396 1.0
4684 1801 -1.0
4684 2240 1.0
4685 901 -1.0
4685 1476 1.0
4685 1758 -1.0
4685 1928 -1.0
4688 2019 -1.0
4691 1107 1.0
4691 2330 1.0
4691 2447 1.0
4694 527 1.0
4695 1915 1.0
4695 2179 1.0
4698 1466 -1.0
4699 224 1.0
4699 675 1.0
4699 731 -1.0
4699 957 1.0
4699 1117 -1.0
4699 1824 -1.0
4699 2086 1.0
4700 265 1.0
4700 388 -1.0
4700 856 -1.0
4700 1396 -1.0
4700 1406 -1.0
4700 1607 -1.0
4701 2283 -1.0
4707 2121 -1.0
4715 1134 1.0
4715 1815 -1.0
4715 1845 -1.0
4715 2052 1.0
4715 2087 -1.0
4717 1735 1.0
4717 2124 1.0
4717 2498 -1.0
4718 31 1.0
4718 936 -1.0
4723 533 -1.0
4723 1838 1.0
4723 2019 1.0
4723 2222 -1.0
4723 2397 -1.0
4728 1108 1.0
4729 693 -1.0
4729 1500 -1.0
4731 4 1.0
4731 1016 -1.0
4731 1055 -1.0
4731 1271 1.0
4731 1951 1.0
4732 22 1.0
4732 1569 -1.0
4734 116 1.0
4734 286 1.0
4734 492 1.0
4734 556 1.0
4734 1564 1.0
4738 2017 -1.0
4740 1051 -1.0
4742 1355 1.0
4743 453 -1.0
4745 1016 1.0
4745 2120 1.0
4748 144 -1.0
4748 223 1.0
4748 1352 -1.0
4748 2174 1.0
4748 2410 -1.0
4749 1502 -1.0
4749 2206 1.0
4751 564 1.0
4751 2401 -1.0
4752 1476 -1.0
4753 163 1.0
4753 223 -1.0
4753 1051 -1.0
4753 2349 -1.0
4756 493 -1.0
4760 698 1.0
4760 1132 1.0
4760 1253 -1.0
4760 1879 -1.0
4760 2016 -1.0
4760 2411 1.0
4766 556 1.0
4766 2486 1.0
4771 1798 -1.0
4774 355 -1.0
4774 1024 1.0
4774 1407 1.0
4774 1984 -1.0
4774 2235 -1.0
4774 2321 -1.0
4774 2410 1.0
4774 2438 1.0
4775 650 1.0
4779 223 1.0
4781 527 -1.0
4781 2042 -1.0
4783 382 1.0
4783 2031 -1.0
4783 2124 1.0
4783 2276 1.0
4787 650 -1.0
4787 693 1.0
4787 767 1.0
4787 1108 -1.0
4788 665 -1.0
4793 883 1.0
4793 1654 1.0
4794 246 -1.0
4794 1031 1.0
4794 1277 -1.0
4794 1570 1.0
4794 2438 -1.0
4796 1031 -1.0
4798 2086 1.0
4798 2441 -1.0
4803 1769 1.0
4805 2124 -1.0
4806 1506 -1.0
4807 1683 1.0
4807 1851 1.0
4810 1277 1.0
4811 265 1.0
4812 767 -1.0
4816 1714 1.0
4818 2121 -1.0
4818 2419 -1.0
4820 2181 1.0
4824 1084 1.0
4824 1476 1.0
4824 1722 1.0
4825 665 1.0
4827 595 1.0
4827 998 -1.0
4844 173 1.0
4844 287 1.0
4844 1607 -1.0
4844 1766 -1.0
4848 122 1.0
4848 370 -1.0
4848 391 -1.0
4848 535 1.0
4848 595 1.0
4848 998 -1.0
4848 1349 -1.0
4848 1835 1.0
4848 2029 1.0
4848 2047 -1.0
4848 2397 -1.0
4848 2472 1.0
4850 399 1.0
4853 428 -1.0
4853 1105 1.0
4853 1132 -1.0
4853 1879 1.0
4853 2064 1.0
4855 698 1.0
4855 814 1.0
4856 1706 -1.0
4858 1928 1.0
4867 1051 -1.0
4868 1564 1.0
4868 1801 1.0
4868 1831 1.0
4869 365 1.0
4870 1629 -1.0
4871 40 -1.0
4871 739 -1.0
4871 814 -1.0
4875 997 -1.0
4875 1023 1.0
4875 2348 1.0
4875 2384 1.0
4879 2297 1.0
4879 2401 1.0
4885 180 1.0
4885 928 -1.0
4885 2384 -1.0
4887 1758 1.0
4887 1944 -1.0
4890 160 -1.0
4890 223 -1.0
4890 296 1.0
4890 352 1.0
4890 524 1.0
4890 694 -1.0
4890 1240 -1.0
4892 723 1.0
4892 1641 -1.0
4892 2276 -1.0
4892 2395 1.0
4895 1617 -1.0
4895 2179 1.0
4903 275 -1.0
4903 1622 -1.0
4905 323 1.0
4905 960 1.0
4905 2206 1.0
4908 566 -1.0
4918 723 1.0
4919 693 -1.0
4933 1445 -1.0
4947 768 -1.0
4947 2087 1.0
4947 2234 1.0
4947 2348 -1.0
4948 814 1.0
4948 1253 -1.0
4949 1598 -1.0
4961 116 1.0
4961 492 1.0
4966 1056 -1.0
4968 1301 1.0
4968 1509 1.0
4971 1466 1.0
4971 1774 -1.0
4971 2159 1.0
4971 2240 1.0
4971 2394 1.0
4975 1406 -1.0
4979 767 -1.0
4984 960 -1.0
4984 2206 -1.0
4984 2262 -1.0
4988 371 -1.0
4988 395 1.0
4988 547 1.0
4988 828 -1.0
4988 1184 -1.0
4988 1277 -1.0
4988 1306 1.0
4988 1372 1.0
4988 1396 -1.0
4988 1406 -1.0
4988 1598 -1.0
4988 1607 -1.0
4988 1634 -1.0
4988 1737 -1.0
4988 1995 -1.0
4988 2412 1.0
4988 2463 -1.0
4990 1240 -1.0
4990 1339 -1.0
4990 1381 1.0
4990 1569 -1.0
4990 1837 -1.0
4990 1957 -1.0
4990 2031 -1.0
4990 2388 1.0
4991 89 1.0
4991 485 -1.0
4991 566 -1.0
4991 693 1.0
4991 720 1.0
4991 767 1.0
4991 1025 1.0
4991 1109 -1.0
4991 1264 1.0
4991 1326 1.0
4991 1478 -1.0
4991 1500 1.0
4991 1549 1.0
4991 2145 -1.0
4991 2163 1.0
4991 2217 1.0
4991 2234 -1.0
4992 1880 1.0
4992 2305 1.0
4992 2410 1.0
4993 1732 1.0
