2 68 -1.0
2 1406 -1.0
2 1735 -1.0
6 1109 -1.0
6 1332 1.0
20 1055 1.0
20 1460 -1.0
20 1982 -1.0
20 2090 1.0
25 1754 1.0
26 1217 1.0
31 1056 1.0
49 2124 1.0
55 569 -1.0
55 2125 -1.0
57 76 -1.0
57 658 1.0
57 1812 -1.0
57 1901 -1.0
74 1928 1.0
74 2312 -1.0
77 1262 1.0
80 1016 1.0
80 2404 -1.0
94 163 -1.0
94 1174 1.0
97 284 -1.0
122 881 1.0
122 1722 1.0
128 1426 1.0
128 1622 1.0
128 2240 -1.0
128 2419 1.0
134 1598 -1.0
134 1932 1.0
141 2240 -1.0
151 1708 1.0
154 1785 -1.0
156 364 1.0
156 954 1.0
156 1535 1.0
156 1536 -1.0
156 1749 1.0
156 2159 -1.0
156 2333 -1.0
156 2487 -1.0
158 527 -1.0
158 1495 -1.0
163 1087 1.0
170 1849 1.0
185 934 -1.0
196 325 1.0
196 395 1.0
196 675 1.0
196 812 1.0
196 1652 -1.0
196 2401 -1.0
203 2122 -1.0
209 163 -1.0
209 694 1.0
210 1053 -1.0
211 1592 1.0
211 1683 1.0
212 155 -1.0
212 287 1.0
212 527 -1.0
218 1976 1.0
219 1087 1.0
219 1134 1.0
221 224 1.0
221 612 1.0
221 1020 -1.0
225 1056 1.0
225 1561 -1.0
231 485 1.0
234 720 1.0
236 1894 1.0
243 1466 -1.0
246 2031 -1.0
248 1612 1.0
263 1706 -1.0
264 765 1.0
269 1646 -1.0
290 1784 -1.0
290 2174 -1.0
303 864 1.0
303 1406 -1.0
321 758 1.0
336 171 -1.0
336 2101 1.0
343 1535 -1.0
364 1412 -1.0
364 1569 1.0
367 1944 1.0
369 723 -1.0
370 698 1.0
372 1607 1.0
374 2384 1.0
377 399 1.0
377 755 -1.0
377 1528 1.0
377 1974 -1.0
383 22 -1.0
384 163 1.0
388 824 1.0
388 2358 1.0
389 1352 1.0
391 1337 -1.0
399 1164 -1.0
413 960 -1.0
416 2145 -1.0
417 595 -1.0
417 1109 1.0
417 2062 -1.0
426 1080 1.0
426 1426 1.0
426 2297 1.0
430 1495 1.0
430 2075 -1.0
435 365 -1.0
450 767 -1.0
450 1785 1.0
458 203 -1.0
458 207 -1.0
458 1189 -1.0
458 2158 1.0
458 2351 1.0
461 2087 -1.0
468 2358 1.0
471 465 -1.0
475 694 1.0
477 694 1.0
477 1352 -1.0
490 1815 1.0
497 68 1.0
497 492 -1.0
497 864 -1.0
497 1301 1.0
497 1406 1.0
497 1431 -1.0
499 1348 -1.0
499 1372 -1.0
499 2234 1.0
504 2052 1.0
508 2486 1.0
528 1326 1.0
528 1956 -1.0
531 421 -1.0
531 1737 1.0
531 1804 -1.0
540 1345 -1.0
541 845 1.0
541 1304 -1.0
544 899 1.0
548 144 -1.0
548 399 1.0
548 755 -1.0
548 971 -1.0
548 1534 1.0
549 26 1.0
549 229 -1.0
549 2121 -1.0
549 2166 -1.0
558 743 -1.0
558 1976 -1.0
560 265 1.0
560 921 -1.0
560 1348 1.0
577 1592 1.0
577 1683 1.0
590 37 -1.0
590 112 -1.0
590 264 1.0
590 823 1.0
595 665 -1.0
595 743 1.0
603 614 -1.0
603 672 1.0
603 803 -1.0
605 1032 -1.0
613 1502 -1.0
613 1802 -1.0
616 1509 -1.0
619 1629 -1.0
620 686 1.0
628 743 -1.0
635 2029 -1.0
643 2009 -1.0
648 495 1.0
648 703 -1.0
648 971 -1.0
648 2100 -1.0
653 1768 1.0
663 1466 1.0
680 1784 -1.0
680 2090 -1.0
683 321 -1.0
683 731 -1.0
683 1971 1.0
689 856 -1.0
710 1031 1.0
723 1132 1.0
733 405 1.0
733 998 -1.0
733 1509 -1.0
737 1505 -1.0
737 1803 1.0
740 723 1.0
755 610 1.0
757 814 1.0
776 283 -1.0
776 1557 1.0
788 1111 -1.0
793 1466 1.0
802 883 -1.0
802 2404 1.0
803 116 1.0
823 695 -1.0
823 1505 1.0
824 614 -1.0
824 1312 -1.0
825 462 1.0
832 265 1.0
839 229 1.0
840 5 -1.0
840 855 -1.0
841 770 -1.0
841 974 -1.0
841 1312 -1.0
841 2049 1.0
847 1031 1.0
847 1476 1.0
849 881 1.0
862 826 -1.0
868 1311 -1.0
873 731 -1.0
876 5 1.0
876 37 -1.0
876 2448 -1.0
884 590 1.0
898 19 1.0
906 962 1.0
906 1324 -1.0
906 1849 -1.0
906 1922 -1.0
922 675 -1.0
923 2240 1.0
924 296 -1.0
936 2194 -1.0
939 187 -1.0
942 229 -1.0
952 332 1.0
961 1053 1.0
961 1396 -1.0
968 1528 -1.0
969 1339 -1.0
970 665 1.0
976 1500 1.0
976 1535 1.0
998 1312 -1.0
998 1476 -1.0
1000 767 1.0
1004 238 1.0
1004 653 -1.0
1004 843 1.0
1004 1327 -1.0
1004 1902 1.0
1020 30 1.0
1021 672 -1.0
1025 842 1.0
1026 282 -1.0
1026 693 -1.0
1026 1053 1.0
1026 1629 -1.0
1026 1732 -1.0
1028 1483 -1.0
1034 1528 1.0
1045 308 1.0
1045 1683 -1.0
1045 1769 -1.0
1047 1598 -1.0
1048 1706 1.0
1050 694 -1.0
1062 675 1.0
1062 753 -1.0
1067 245 1.0
1067 308 -1.0
1067 753 -1.0
1067 843 1.0
1067 2219 -1.0
1098 475 1.0
1114 1967 -1.0
1116 1024 1.0
1123 1109 1.0
1149 1111 -1.0
1158 183 1.0
1158 768 -1.0
1158 2256 1.0
1159 1031 1.0
1162 881 -1.0
1165 381 1.0
1165 465 -1.0
1165 1311 -1.0
1165 2426 -1.0
1167 1732 1.0
1167 1903 -1.0
1179 326 -1.0
1179 1502 1.0
1179 1977 -1.0
1187 492 1.0
1188 1557 -1.0
1191 698 -1.0
1209 465 -1.0
1209 631 -1.0
1214 325 1.0
1214 531 -1.0
1214 1117 -1.0
1214 1466 -1.0
1215 1564 -1.0
1216 1304 1.0
1223 171 1.0
1231 721 1.0
1231 1029 1.0
1243 1031 -1.0
1255 265 -1.0
1257 1253 1.0
1262 1802 1.0
1274 2042 1.0
1275 649 -1.0
1288 1406 1.0
1289 614 -1.0
1297 1189 -1.0
1310 1799 -1.0
1315 1587 1.0
1315 2042 1.0
1319 19 -1.0
1322 1395 -1.0
1336 1466 1.0
1344 482 1.0
1346 1575 1.0
1361 177 1.0
1371 1655 1.0
1381 1884 -1.0
1392 1011 1.0
1399 1381 1.0
1399 1706 -1.0
1399 2222 -1.0
1403 1406 1.0
1411 1708 1.0
1416 1116 -1.0
1433 204 1.0
1433 582 -1.0
1434 665 -1.0
1434 1326 1.0
1445 1330 -1.0
1453 693 1.0
1457 1355 -1.0
1457 1928 1.0
1457 2121 -1.0
1465 814 -1.0
1465 1198 -1.0
1465 1592 1.0
1465 1629 -1.0
1469 672 -1.0
1492 1502 -1.0
1498 1011 -1.0
1502 814 1.0
1504 899 -1.0
1506 1502 -1.0
1509 2101 1.0
1514 1283 -1.0
1514 2234 -1.0
1519 1884 1.0
1522 1970 -1.0
1527 686 -1.0
1528 103 -1.0
1528 144 -1.0
1528 2090 1.0
1528 2311 -1.0
1528 2410 -1.0
1532 2093 1.0
1536 2009 1.0
1536 2144 -1.0
1537 1535 1.0
1540 144 -1.0
1540 1519 1.0
1552 814 -1.0
1554 1598 1.0
1554 1773 1.0
1554 2389 -1.0
1554 2493 1.0
1567 1107 -1.0
1567 2029 1.0
1580 903 1.0
1580 1191 -1.0
1582 116 1.0
1582 495 -1.0
1582 765 -1.0
1586 144 -1.0
1586 399 1.0
1587 323 -1.0
1593 321 -1.0
1595 1512 1.0
1598 223 1.0
1598 1975 -1.0
1605 289 1.0
1605 1109 -1.0
1607 2486 -1.0
1610 1277 -1.0
1614 1743 -1.0
1622 2023 1.0
1624 60 -1.0
1626 40 1.0
1626 971 1.0
1631 229 1.0
1631 2075 1.0
1632 1337 1.0
1633 871 1.0
1633 1880 1.0
1633 2410 1.0
1634 884 -1.0
1643 971 -1.0
1653 1127 1.0
1653 1272 -1.0
1653 2087 1.0
1657 695 1.0
1657 1505 -1.0
1665 1569 1.0
1671 1640 -1.0
1671 1884 1.0
1675 375 -1.0
1675 794 1.0
1675 1528 1.0
1686 1580 1.0
1693 655 -1.0
1693 1189 1.0
1697 665 -1.0
1708 1784 1.0
1715 119 1.0
1715 1383 1.0
1715 1785 -1.0
1716 740 -1.0
1718 1598 1.0
1729 144 1.0
1740 338 1.0
1743 1664 1.0
1743 2166 1.0
1743 2182 1.0
1748 344 -1.0
1748 876 -1.0
1748 1622 -1.0
1748 2330 1.0
1749 1166 -1.0
1755 614 -1.0
1758 1115 -1.0
1758 1240 1.0
1765 1975 1.0
1765 2349 -1.0
1770 814 -1.0
1775 510 1.0
1775 1057 1.0
1775 1598 1.0
1775 2061 -1.0
1779 1598 1.0
1782 252 -1.0
1782 276 1.0
1782 389 -1.0
1785 1031 1.0
1789 1132 -1.0
1797 265 -1.0
1799 534 1.0
1804 1084 1.0
1808 289 -1.0
1808 332 -1.0
1808 871 -1.0
1808 1016 1.0
1808 1699 1.0
1819 2087 1.0
1819 2348 -1.0
1822 1116 1.0
1828 1500 -1.0
1834 1337 -1.0
1834 2087 1.0
1835 1023 1.0
1835 1081 1.0
1847 665 1.0
1848 1020 1.0
1848 1714 1.0
1850 723 -1.0
1854 1520 -1.0
1855 1500 -1.0
1856 1745 -1.0
1856 2426 1.0
1860 1311 1.0
1865 1665 -1.0
1874 2349 1.0
1879 2487 1.0
1885 1132 1.0
1888 265 1.0
1892 961 1.0
1900 417 1.0
1900 997 -1.0
1900 1423 1.0
1900 1732 1.0
1903 1865 -1.0
1905 2056 -1.0
1920 1439 -1.0
1920 1758 1.0
1920 2358 -1.0
1925 154 -1.0
1925 265 -1.0
1925 1277 1.0
1925 1278 1.0
1925 1499 1.0
1925 1706 1.0
1927 462 1.0
1927 595 -1.0
1927 998 1.0
1927 2101 -1.0
1928 2029 1.0
1932 2122 -1.0
1943 686 -1.0
1945 1338 -1.0
1954 971 -1.0
1966 2402 -1.0
1969 2029 1.0
2013 261 1.0
2018 232 1.0
2018 535 1.0
2018 1349 -1.0
2018 1387 -1.0
2018 1431 1.0
2018 2397 -1.0
2023 338 1.0
2026 1503 -1.0
2030 564 1.0
2039 515 1.0
2039 1688 -1.0
2050 1993 -1.0
2051 399 1.0
2061 1500 1.0
2061 2234 -1.0
2062 1406 -1.0
2071 338 -1.0
2072 1311 1.0
2077 1334 1.0
2081 1505 -1.0
2085 1880 -1.0
2111 1160 -1.0
2115 1445 -1.0
2116 2009 1.0
2133 997 1.0
2133 1184 1.0
2135 2238 -1.0
2138 708 -1.0
2138 753 -1.0
2138 842 1.0
2147 936 1.0
2158 332 -1.0
2158 2410 -1.0
2160 1768 -1.0
2164 1244 1.0
2164 1363 1.0
2166 26 -1.0
2166 321 -1.0
2166 1971 1.0
2166 2103 1.0
2176 2269 1.0
2177 658 1.0
2177 923 1.0
2177 1075 -1.0
2177 1457 1.0
2177 1975 -1.0
2177 2029 -1.0
2177 2174 1.0
2185 461 1.0
2185 614 -1.0
2185 2087 -1.0
2185 2225 -1.0
2186 1157 -1.0
2186 1607 1.0
2193 30 1.0
2193 1880 -1.0
2200 275 -1.0
2200 1750 -1.0
2203 1084 1.0
2206 550 -1.0
2211 1688 -1.0
2211 1708 -1.0
2219 76 -1.0
2219 485 -1.0
2219 960 1.0
2219 2038 -1.0
2220 40 -1.0
2220 698 -1.0
2220 1301 -1.0
2220 1577 1.0
2220 1687 1.0
2220 1714 1.0
2223 1924 -1.0
2227 364 -1.0
2227 2283 1.0
2230 144 -1.0
2230 1928 -1.0
2230 2410 -1.0
2241 997 -1.0
2243 141 1.0
2243 446 -1.0
2243 864 1.0
2248 1766 -1.0
2270 1655 1.0
2278 144 1.0
2278 1016 -1.0
2281 686 1.0
2283 665 -1.0
2285 1932 1.0
2295 223 1.0
2297 867 1.0
2297 1696 -1.0
2301 28 -1.0
2301 557 -1.0
2301 1650 1.0
2309 672 -1.0
2309 718 1.0
2317 576 -1.0
2317 672 -1.0
2317 1051 -1.0
2332 157 1.0
2332 527 1.0
2339 116 -1.0
2345 2206 1.0
2353 1732 1.0
2353 2234 -1.0
2358 550 -1.0
2358 1087 1.0
2358 1851 1.0
2358 2310 -1.0
2361 1031 -1.0
2362 2087 -1.0
2362 2358 1.0
2367 389 1.0
2368 2124 -1.0
2369 2234 1.0
2372 1924 -1.0
2372 2231 1.0
2374 1338 -1.0
2374 2159 1.0
2376 814 -1.0
2398 95 -1.0
2407 753 1.0
2407 843 -1.0
2407 1502 -1.0
2408 289 1.0
2408 1858 -1.0
2408 2174 -1.0
2414 1683 -1.0
2414 2354 1.0
2417 1221 -1.0
2423 2174 -1.0
2426 465 1.0
2427 2042 1.0
2429 1535 1.0
2437 321 1.0
2437 883 -1.0
2441 180 -1.0
2441 1743 1.0
2454 2042 -1.0
2466 1056 -1.0
2473 556 1.0
2474 4 1.0
2501 458 -1.0
2502 1598 1.0
2502 1834 -1.0
2508 1143 1.0
2508 1253 -1.0
2508 2216 1.0
2509 723 1.0
2511 556 -1.0
2511 559 -1.0
2511 1564 -1.0
2517 246 1.0
2517 298 1.0
2517 1115 -1.0
2524 485 1.0
2524 1020 1.0
2527 2486 -1.0
2528 108 1.0
2528 867 -1.0
2528 1358 1.0
2528 1785 1.0
2532 116 -1.0
2538 389 1.0
2538 658 -1.0
2538 1556 -1.0
2538 1928 1.0
2538 2486 -1.0
2540 79 -1.0
2540 2486 -1.0
2543 971 -1.0
2543 1607 1.0
2543 1766 1.0
2543 2078 -1.0
2549 1264 1.0
2550 1799 -1.0
2553 1369 -1.0
2557 48 1.0
2557 522 1.0
2560 2090 -1.0
2561 1134 1.0
2561 1312 -1.0
2571 119 -1.0
2571 283 1.0
2571 435 1.0
2571 473 1.0
2571 2100 1.0
2577 869 1.0
2577 1219 -1.0
2577 1476 -1.0
2582 1173 1.0
2583 1082 1.0
2593 1093 1.0
2606 1686 -1.0
2607 485 1.0
2607 2206 -1.0
2617 1352 1.0
2618 1743 1.0
2624 989 1.0
2624 1339 -1.0
2624 1572 -1.0
2624 2144 1.0
2628 350 -1.0
2628 1445 -1.0
2631 1445 1.0
2636 1664 1.0
2642 323 -1.0
2643 364 -1.0
2648 265 -1.0
2652 2401 -1.0
2660 26 -1.0
2660 1345 -1.0
2660 1758 1.0
2660 2358 -1.0
2661 2234 -1.0
2674 2161 -1.0
2696 251 -1.0
2696 990 1.0
2702 1683 -1.0
2707 221 -1.0
2707 990 -1.0
2707 997 -1.0
2707 2234 -1.0
2729 2009 -1.0
2732 294 -1.0
2749 2165 1.0
2750 79 -1.0
2750 1084 -1.0
2750 1965 -1.0
2750 2462 -1.0
2759 352 1.0
2759 909 -1.0
2761 694 -1.0
2761 814 -1.0
2785 123 -1.0
2790 1301 -1.0
2799 142 -1.0
2803 1629 1.0
2812 1745 1.0
2815 1184 1.0
2815 2124 1.0
2824 2009 -1.0
2828 95 -1.0
2828 2457 1.0
2829 1063 1.0
2829 2427 -1.0
2836 703 1.0
2838 94 -1.0
2838 1087 -1.0
2838 1683 -1.0
2844 2441 -1.0
2846 1016 -1.0
2865 1949 -1.0
2874 1052 -1.0
2874 1056 1.0
2882 1287 -1.0
2883 1942 1.0
2883 2311 -1.0
2884 2448 -1.0
2895 884 1.0
2895 1240 -1.0
2895 1665 -1.0
2895 1851 1.0
2908 1743 1.0
2920 1598 -1.0
2927 1745 -1.0
2942 826 -1.0
2942 1949 1.0
2942 2031 1.0
2942 2276 -1.0
2946 458 1.0
2946 2179 -1.0
2946 2192 1.0
2951 1043 -1.0
2951 1081 1.0
2951 2403 1.0
2954 1803 -1.0
2960 2121 1.0
2960 2483 -1.0
2978 767 -1.0
2978 1108 1.0
2988 2121 1.0
2989 389 1.0
3012 1903 1.0
3018 569 1.0
3018 824 1.0
3024 1880 1.0
3029 251 1.0
3029 693 1.0
3030 701 1.0
3030 2166 -1.0
3037 123 1.0
3038 1032 1.0
3048 2322 -1.0
3051 1066 -1.0
3052 2045 1.0
3061 899 1.0
3076 959 -1.0
3077 223 -1.0
3077 1731 -1.0
3079 527 1.0
3079 2310 1.0
3091 495 -1.0
3100 1746 1.0
3104 1445 -1.0
3104 2426 1.0
3136 116 -1.0
3137 566 1.0
3137 723 1.0
3144 1016 1.0
3155 1408 -1.0
3156 389 1.0
3156 1005 -1.0
3161 720 -1.0
3179 2233 1.0
3182 1408 -1.0
3183 758 -1.0
3201 1688 1.0
3222 723 1.0
3229 686 1.0
3231 557 1.0
3231 860 -1.0
3232 1928 -1.0
3237 87 1.0
3237 94 1.0
3237 465 -1.0
3237 1577 1.0
3237 2182 -1.0
3241 2042 1.0
3242 2276 1.0
3245 1326 1.0
3246 2087 -1.0
3255 321 -1.0
3255 883 1.0
3260 2124 -1.0
3264 458 1.0
3264 1343 -1.0
3264 1737 1.0
3264 2397 1.0
3272 485 1.0
3274 569 -1.0
3274 626 1.0
3277 1606 1.0
3281 229 -1.0
3288 1381 -1.0
3288 1651 -1.0
3290 2384 -1.0
3307 461 1.0
3317 1784 -1.0
3323 718 1.0
3323 845 1.0
3323 1304 -1.0
3323 2124 1.0
3323 2145 1.0
3325 876 1.0
3325 1483 1.0
3327 389 1.0
3335 527 1.0
3335 1766 1.0
3344 903 1.0
3347 1434 -1.0
3348 852 -1.0
3348 1139 -1.0
3351 473 1.0
3351 814 1.0
3351 1024 -1.0
3351 2333 1.0
3358 1185 -1.0
3358 1629 -1.0
3360 1979 -1.0
3371 2401 1.0
3378 2420 -1.0
3379 1052 1.0
3388 298 -1.0
3394 1784 -1.0
3394 2311 1.0
3397 229 -1.0
3408 202 1.0
3408 458 1.0
3414 1337 -1.0
3414 1509 -1.0
3414 2305 -1.0
3424 2090 -1.0
3427 1903 -1.0
3432 2283 1.0
3443 1941 -1.0
3456 265 -1.0
3468 1535 1.0
3469 1506 1.0
3475 1016 -1.0
3475 1598 1.0
3475 2312 -1.0
3478 582 1.0
3478 1569 -1.0
3478 1851 1.0
3479 2448 1.0
3494 1854 -1.0
3513 1024 1.0
3513 1984 -1.0
3513 2438 1.0
3519 475 1.0
3519 1287 1.0
3519 1426 -1.0
3519 1535 1.0
3521 693 -1.0
3523 1509 1.0
3525 2121 1.0
3526 1502 1.0
3530 1155 1.0
3537 1509 1.0
3543 116 -1.0
3549 1386 -1.0
3549 1847 -1.0
3558 355 -1.0
3559 1967 1.0
3564 103 1.0
3564 566 -1.0
3564 1460 1.0
3564 1500 1.0
3564 1827 -1.0
3564 2487 -1.0
3566 884 -1.0
3566 1708 1.0
3569 1277 1.0
3576 2029 1.0
3588 553 1.0
3588 1411 1.0
3593 1087 1.0
3597 49 1.0
3597 321 1.0
3597 1277 1.0
3621 665 -1.0
3626 265 -1.0
3626 1655 1.0
3667 1466 -1.0
3686 1439 1.0
3687 2486 -1.0
3697 1976 -1.0
3701 1304 -1.0
3705 723 -1.0
3708 1466 -1.0
3710 2031 1.0
3711 693 -1.0
3711 1012 1.0
3722 2121 1.0
3725 2370 1.0
3728 1569 -1.0
3732 675 1.0
3735 1431 -1.0
3735 1646 -1.0
3741 140 1.0
3741 223 -1.0
3741 876 1.0
3741 1139 -1.0
3741 1838 1.0
3741 2165 1.0
3741 2448 1.0
3749 376 -1.0
3749 814 -1.0
3749 1903 1.0
3750 68 1.0
3750 1406 1.0
3757 1880 1.0
3768 1338 -1.0
3778 116 1.0
3783 708 -1.0
3815 1502 1.0
3815 2399 -1.0
3826 1052 -1.0
3828 153 -1.0
3851 444 -1.0
3851 1462 1.0
3852 2031 -1.0
3867 1746 1.0
3868 1612 1.0
3868 2101 1.0
3870 365 -1.0
3876 495 1.0
3876 2410 -1.0
3878 265 -1.0
3878 559 -1.0
3879 1799 -1.0
3889 225 1.0
3889 2159 1.0
3891 399 -1.0
3894 740 1.0
3898 1784 1.0
3902 666 -1.0
3902 694 1.0
3902 1688 1.0
3905 338 -1.0
3906 1970 1.0
3915 723 1.0
3916 1406 1.0
3916 1529 1.0
3918 1502 -1.0
3926 2121 -1.0
3933 475 1.0
3933 1706 1.0
3935 22 1.0
3936 186 1.0
3936 265 1.0
3936 556 1.0
3936 767 1.0
3936 2080 -1.0
3936 2145 -1.0
3939 439 1.0
3939 2181 -1.0
3940 1084 1.0
3947 2110 1.0
3948 1024 1.0
3952 901 -1.0
3952 1016 1.0
3952 1758 -1.0
3953 1348 1.0
3960 1546 1.0
3960 1880 -1.0
3960 1928 -1.0
3964 1785 -1.0
3969 123 1.0
3969 217 -1.0
3974 376 1.0
3974 814 1.0
3979 155 1.0
3979 1253 1.0
3979 2297 1.0
3991 223 1.0
3991 564 1.0
3991 2349 1.0
4030 2110 1.0
4031 465 1.0
4032 2019 1.0
4033 365 1.0
4033 1127 -1.0
4033 1272 1.0
4033 2348 1.0
4043 703 1.0
4043 755 1.0
4043 1923 -1.0
4050 606 1.0
4050 1506 1.0
4064 2206 -1.0
4065 1277 1.0
4071 144 -1.0
4071 1528 1.0
4077 1708 1.0
4081 1570 1.0
4093 1737 -1.0
4097 115 1.0
4097 962 1.0
4097 1509 -1.0
4097 1706 -1.0
4100 899 1.0
4114 701 1.0
4115 1134 1.0
4116 2181 -1.0
4128 1640 -1.0
4128 2426 -1.0
4132 365 -1.0
4147 814 -1.0
4147 1592 1.0
4156 860 -1.0
4159 223 -1.0
4167 723 1.0
4170 2080 -1.0
4172 587 -1.0
4172 2023 -1.0
4177 1606 1.0
4183 1217 -1.0
4183 1338 1.0
4186 2276 1.0
4190 1722 -1.0
4200 937 -1.0
4205 1674 1.0
4207 229 -1.0
4208 693 1.0
4211 1646 1.0
4211 1856 -1.0
4222 2087 -1.0
4223 792 1.0
4223 864 -1.0
4223 1406 1.0
4231 259 1.0
4231 590 -1.0
4231 901 -1.0
4231 1884 1.0
4235 1708 1.0
4241 1434 -1.0
4245 610 1.0
4245 1488 1.0
4245 1495 -1.0
4245 1719 -1.0
4253 856 -1.0
4258 28 -1.0
4258 869 1.0
4260 1640 -1.0
4260 1745 1.0
4260 2199 -1.0
4264 1502 -1.0
4264 2240 1.0
4273 317 -1.0
4274 364 -1.0
4275 232 1.0
4275 1646 1.0
4275 2100 -1.0
4275 2185 -1.0
4277 55 -1.0
4277 1445 -1.0
4288 79 1.0
4288 556 1.0
4288 1736 1.0
4290 1253 1.0
4291 365 -1.0
4291 1799 -1.0
4293 2145 1.0
4315 1227 -1.0
4318 1598 1.0
4320 155 -1.0
4326 1683 -1.0
4336 1052 1.0
4337 154 1.0
4339 720 -1.0
4339 1993 1.0
4350 896 -1.0
4350 1132 1.0
4360 2087 1.0
4372 79 -1.0
4372 556 -1.0
4379 1285 -1.0
4392 591 -1.0
4415 1421 1.0
4437 1304 -1.0
4446 1164 1.0
4449 355 1.0
4449 1024 -1.0
4459 1051 -1.0
4459 1217 -1.0
4459 1330 -1.0
4474 229 1.0
4474 525 -1.0
4474 666 1.0
4474 991 1.0
4482 1768 -1.0
4492 11 -1.0
4493 2283 -1.0
4496 1156 -1.0
4510 672 -1.0
4510 697 1.0
4510 1512 -1.0
4517 1084 -1.0
4525 694 1.0
4532 180 -1.0
4532 1445 1.0
4532 2493 -1.0
4533 48 1.0
4536 1598 -1.0
4543 1292 -1.0
4552 79 1.0
4552 2426 -1.0
4556 246 1.0
4556 711 1.0
4556 1031 -1.0
4556 1115 -1.0
4556 1539 1.0
4565 465 -1.0
4565 2207 -1.0
4571 1081 -1.0
4592 19 -1.0
4592 2017 -1.0
4607 296 1.0
4607 2312 -1.0
4607 2466 1.0
4610 1053 -1.0
4618 2031 -1.0
4620 1622 -1.0
4625 2161 -1.0
4629 11 1.0
4629 2119 -1.0
4631 1466 1.0
4638 626 1.0
4642 2004 -1.0
4642 2297 1.0
4644 1466 1.0
4647 587 1.0
4649 154 1.0
4649 229 1.0
4658 22 -1.0
4658 319 1.0
4658 764 1.0
4658 1014 1.0
4658 1352 1.0
4658 1784 -1.0
4658 2174 -1.0
4659 352 1.0
4659 1445 -1.0
4663 352 1.0
4665 119 -1.0
4673 37 1.0
4673 974 1.0
4682 1617 1.0
4682 1975 1.0
4682 2042 1.0
4682 2349 -1.0
4684 1640 1.0
4685 2420 -1.0
4688 2165 -1.0
4692 1056 1.0
4692 1117 -1.0
4699 2006 -1.0
4700 864 1.0
4715 2389 1.0
4717 613 1.0
4717 614 1.0
4717 1880 -1.0
4717 2223 1.0
4718 903 1.0
4720 1466 -1.0
4728 1502 1.0
4729 1732 -1.0
4731 576 -1.0
4731 1411 1.0
4731 1476 -1.0
4731 1758 1.0
4731 2420 1.0
4732 2029 -1.0
4734 265 1.0
4734 404 1.0
4734 559 1.0
4749 485 -1.0
4751 163 -1.0
4751 1050 1.0
4760 51 1.0
4760 177 1.0
4775 767 -1.0
4783 56 1.0
4787 720 1.0
4793 2023 1.0
4794 355 1.0
4794 1024 -1.0
4796 364 1.0
4796 1784 -1.0
4803 1683 1.0
4807 826 1.0
4809 2019 1.0
4827 1387 -1.0
4844 1683 1.0
4848 812 -1.0
4853 2384 1.0
4870 41 -1.0
4871 698 -1.0
4875 2234 -1.0
4890 521 -1.0
4890 1688 -1.0
4890 2349 -1.0
4892 1598 -1.0
4892 1972 -1.0
4892 2110 1.0
4902 2087 1.0
4939 665 -1.0
4939 1708 -1.0
4961 265 1.0
4961 1198 -1.0
4975 265 1.0
4984 485 1.0
4984 612 -1.0
4984 1640 -1.0
4988 688 1.0
4988 723 1.0
4988 1054 1.0
4988 1057 -1.0
4988 1803 1.0
4988 2251 -1.0
4988 2395 1.0
4988 2493 -1.0
4990 382 1.0
4990 1512 -1.0
4990 1922 -1.0
4991 238 -1.0
4991 606 -1.0
4991 1302 1.0
4991 1506 -1.0
4991 1732 1.0
4991 2415 1.0
4991 2465 -1.0
