1040 128 3.5
967 1 2.1
392 17 4.1
406 6 3.1
1333 20 5.1
2168 45 4.0
923 26 4.5
2004 13 4.0
92 155 4.0
2019 45 3.0
1737 1 4.0
414 187 3.0
233 6 3.1
1026 61 1.1
1253 836 2.6
1270 41 4.0
2148 45 4.0
1200 1227 2.1
1523 175 3.0
1820 147 5.1
899 777 3.0
1284 81 3.6
77 7 4.0
1082 836 4.1
587 9 4.0
785 7 5.1
181 45 4.0
1185 128 5.0
2004 17 4.1
1617 7 3.1
1839 72 4.1
1527 20 5.1
241 100 2.0
645 17 4.0
295 43 2.0
1616 17 3.0
1995 45 3.0
2200 27 3.1
1896 1 5.1
332 27 4.0
734 1 4.1
1696 25 4.0
1202 7 4.0
1567 2 4.0
319 1 4.1
505 42 3.1
156 43 4.6
570 65 3.1
1722 5 3.1
947 25 4.1
1357 555 3.1
889 41 3.1
1809 43 2.1
899 95 4.1
465 5 4.1
193 990 5.0
825 3 5.0
1284 25 3.1
1724 42 2.1
1946 3 3.0
1092 155 3.6
253 1 5.1
92 27 4.1
2003 5 4.0
1642 8 4.0
550 45 3.5
1853 35 3.0
667 5 4.1
1736 11 3.0
1856 803 4.6
1860 803 3.6
312 1 4.5
1080 108 3.1
1857 2 3.6
691 25 4.1
474 7 3.1
795 27 4.1
380 26 5.0
1452 1 3.0
2248 1 3.1
165 4 4.1
1910 45 4.0
42 43 5.0
60 777 4.1
1312 27 4.0
887 1 4.0
2060 7 3.0
2307 43 3.0
1374 183 3.5
2220 63 4.1
1869 1 4.5
1252 26 5.0
2114 5 4.1
75 42 3.0
1069 76 4.1
298 26 3.5
1172 6 3.0
426 43 3.0
1874 29 3.0
221 50 4.0
907 1 5.0
924 84 2.0
380 86 4.0
408 100 4.0
2234 24 3.1
70 41 4.1
587 17 3.0
1951 836 5.0
780 25 3.1
1970 1258 4.0
749 1105 2.5
2301 39 3.0
16 35 4.0
1565 84 2.1
44 5 5.1
624 6 4.1
48 5 3.1
1475 6 1.1
1022 128 4.5
2236 63 2.0
350 26 5.0
696 8 3.5
2173 84 3.0
1069 64 4.1
18 83 4.1
1558 1 5.0
1422 25 5.0
1188 84 4.1
2107 3 3.5
332 565 3.5
2271 46 4.0
2178 45 2.0
748 7 2.6
2279 7 5.1
455 35 2.6
1225 3 5.1
1304 35 4.1
493 118 3.0
1831 32 3.1
2233 23 4.1
2015 1 3.6
1052 35 3.5
801 139 4.0
241 116 2.6
1627 26 4.6
1431 45 5.0
654 35 5.1
2166 7 3.0
604 84 3.0
1196 143 4.5
236 17 3.0
1528 43 1.6
339 42 4.0
440 45 2.1
962 49 4.1
1506 1 3.0
940 61 4.1
637 45 3.5
612 23 3.1
524 43 4.1
2236 18 4.1
2298 8 3.1
634 1 5.1
1466 3 5.1
265 45 4.0
1970 77 2.6
400 128 3.0
899 143 3.1
1691 45 4.1
60 1063 4.1
2062 45 4.1
2133 9 2.0
2121 1 3.1
1662 128 5.1
1844 58 5.1
547 35 3.1
687 11 2.1
2064 3 3.0
2172 6 4.5
1302 65 5.1
1722 27 3.6
637 131 3.6
1522 3 5.0
2173 166 3.0
1317 1 4.5
551 117 5.0
696 35 4.0
1736 8 5.0
9 131 1.6
200 3 4.0
1499 45 4.1
881 80 3.0
1690 7 5.0
964 26 3.6
877 84 3.5
706 4 3.1
649 8 4.1
942 84 3.1
178 1 5.1
379 7 4.0
1860 2 4.5
317 8 3.6
2039 45 3.0
1340 1 5.0
493 97 1.0
1198 7 3.0
194 13 3.5
1514 84 3.6
2052 45 3.1
2258 8 3.1
1061 135 2.5
750 66 2.0
722 84 3.5
1890 80 2.0
1857 3 4.0
1592 1 3.5
1894 60 3.0
2058 45 4.5
1369 20 5.1
450 7 2.0
940 18 5.0
278 6 3.0
749 145 3.1
763 7 4.1
1181 84 4.1
1616 84 3.0
474 6 5.1
634 1227 2.0
746 3 3.1
540 7 5.1
1380 45 1.6
278 15 3.0
2285 1 1.6
461 35 3.0
2053 2 5.1
1662 43 3.6
667 25 4.0
285 3 3.0
1778 1 5.0
1241 1 5.0
18 45 4.1
1440 7 4.0
1069 23 5.1
904 66 4.1
1518 84 4.1
1688 3 3.6
1523 191 3.0
1215 1272 4.0
1212 7 3.1
1960 84 4.0
1778 84 2.5
1865 23 5.1
1858 30 3.1
1986 3 3.0
1230 1 5.1
1572 84 3.1
2052 3 3.0
1252 49 1.0
1791 1 5.0
2222 5 3.0
1609 27 4.0
1968 803 4.0
2068 3 0.6
1300 26 3.6
2091 20 4.0
1236 26 4.1
1359 45 4.0
1026 1 5.1
2077 1 5.1
659 35 5.1
1543 68 4.1
518 4 3.5
749 44 4.6
1573 803 3.6
1431 42 5.0
1026 26 5.1
1272 7 5.0
1906 3 1.0
615 35 2.0
370 84 4.0
1447 1 4.0
543 65 3.0
827 91 5.0
433 64 4.0
1719 43 5.0
36 26 4.0
1297 1 4.1
1864 22 4.0
801 9 4.0
1463 22 4.1
1615 3 5.0
114 26 4.0
1660 44 5.0
2005 45 4.0
2265 95 4.0
2080 116 2.1
1602 7 3.1
1226 7 3.1
1813 84 4.0
1763 43 3.5
518 178 4.1
1860 135 1.5
1814 63 2.1
317 26 4.6
14 43 4.0
549 7 3.6
1430 35 2.0
1523 146 3.0
2104 128 5.0
1431 24 2.1
367 5 3.0
1649 100 2.1
1474 20 3.0
2285 8 3.1
554 2 3.1
1186 35 5.0
281 65 3.1
554 8 2.0
517 1 2.0
519 7 4.1
1910 7 3.1
424 8 3.1
506 23 4.1
1963 128 4.6
1332 7 5.1
1474 81 3.1
1864 25 3.1
2168 2 4.0
2099 3 4.0
323 175 0.6
1860 155 2.5
1970 64 3.5
2178 42 3.1
1523 6 2.5
168 4 4.0
1437 25 3.0
60 134 2.0
1232 41 4.1
956 3 3.0
2044 6 4.0
2178 58 4.0
1430 66 4.0
1437 1 4.0
116 3 3.1
2084 45 3.0
188 1 4.1
904 45 4.0
1244 45 4.6
256 17 5.1
278 49 5.1
1689 803 3.5
163 128 4.5
43 64 2.1
1749 128 4.5
1917 1 5.1
1688 146 4.1
1019 68 4.1
820 7 3.0
1357 58 3.1
2200 17 4.0
900 5 4.6
2244 13 4.0
1569 990 2.1
2200 100 2.1
2258 45 2.0
1454 35 3.0
194 909 4.1
781 1 4.0
1523 68 3.5
2147 3 4.1
2140 3 3.1
2133 33 3.0
2070 2 4.6
1232 23 1.1
942 63 3.1
1645 1148 3.0
1291 45 5.0
592 62 5.0
702 45 3.6
1696 26 4.0
33 1 4.6
899 6 3.1
157 117 4.0
1548 26 4.1
1523 836 3.1
612 24 2.1
1805 61 3.6
865 803 5.1
2248 8 3.0
865 836 4.5
1428 1 4.0
1597 27 4.6
935 42 3.1
1071 75 3.1
1991 144 3.6
221 45 3.1
1530 11 3.1
891 23 4.0
387 1 3.0
1445 100 4.5
75 23 3.0
312 45 3.5
836 7 3.5
1977 166 3.6
1864 66 4.0
697 35 1.1
1226 8 4.1
464 27 4.0
1860 178 4.1
637 75 4.5
1867 84 3.5
458 3 3.1
635 27 4.1
1131 25 5.0
506 8 3.5
2070 1 4.5
1252 1 5.1
319 128 4.1
1530 72 4.1
429 45 3.5
1524 29 3.1
696 95 4.0
1627 1 5.1
2034 26 5.0
555 128 4.6
616 7 3.0
642 35 3.1
2258 3 2.1
942 35 4.0
928 20 4.1
1860 43 5.0
1977 27 4.6
1236 3 4.0
1232 58 3.0
864 43 4.0
759 1 3.1
1689 35 4.1
1990 25 5.0
1603 7 3.0
190 129 1.5
1689 909 2.1
1970 1227 3.5
899 35 3.1
91 35 3.1
1264 777 1.5
1785 84 3.0
1160 20 5.1
1857 6 4.0
1214 129 4.0
260 26 4.1
39 6 3.1
42 45 4.0
945 26 3.1
1440 17 3.1
1389 35 3.5
1536 8 4.0
433 39 3.1
518 3 4.0
929 1 3.0
319 1233 2.5
60 45 4.1
1545 5 4.1
958 45 3.1
827 20 3.0
899 990 3.0
1523 100 2.0
846 35 4.1
799 45 4.6
1306 5 5.0
1422 45 3.0
750 26 4.1
590 777 3.1
427 31 4.0
2044 73 3.5
1525 49 5.1
498 1 5.1
2264 164 0.5
2279 5 4.1
1655 22 2.0
1461 6 5.0
1461 8 3.0
893 128 5.1
190 1 3.6
1523 95 3.1
611 35 5.1
1738 1272 5.1
904 5 4.1
1860 80 4.6
82 84 4.1
1689 4 1.1
2052 42 2.6
1781 84 4.1
875 26 4.0
2200 104 3.0
816 8 5.0
1042 30 3.1
696 3 3.1
60 909 2.6
819 7 4.0
706 6 2.1
437 84 4.0
60 745 3.1
1830 7 2.1
839 1 5.0
1359 74 4.1
1813 9 3.1
260 43 3.0
2111 25 4.1
147 26 4.0
260 35 4.0
812 2 3.5
2115 166 4.0
2168 5 2.0
2039 26 3.0
935 23 3.0
1722 17 2.0
881 84 5.0
838 27 3.0
1430 17 4.0
1689 73 1.0
260 4 3.1
222 1 5.1
834 58 5.1
687 35 4.1
1010 5 4.1
1052 84 4.0
1755 5 4.1
221 7 4.1
295 39 1.1
600 178 5.0
289 43 3.1
1340 17 3.1
122 2 3.1
2173 191 1.6
2115 1 5.1
1754 31 4.0
405 27 5.1
586 128 4.1
1672 191 3.1
168 9 4.1
1758 20 5.1
1528 836 4.5
1069 13 3.0
1802 7 4.1
1035 6 5.0
175 26 4.0
1530 45 5.1
669 5 5.1
2136 7 3.1
886 1 4.1
1896 45 4.6
2041 45 4.1
2206 7 4.1
1963 155 4.5
1829 45 5.0
1466 7 5.1
1386 55 4.6
1206 26 4.0
1236 836 4.0
557 20 4.0
899 43 2.0
1827 7 4.0
1897 26 3.0
1755 45 4.6
1685 157 3.1
25 8 4.0
1865 31 3.6
1027 35 4.5
1582 1 3.6
152 6 3.0
788 84 2.5
1430 81 2.1
899 803 3.6
1665 1272 4.1
593 1 4.6
328 3 4.0
706 11 4.1
1847 4 5.1
2070 84 4.0
287 45 3.0
954 84 1.1
1335 83 2.6
1065 41 5.0
650 909 0.6
468 131 4.0
1616 69 1.0
1022 1227 4.1
749 5 3.5
1654 181 3.5
1523 74 3.0
1160 43 1.0
1791 68 5.1
1357 5 2.6
193 777 4.0
241 6 2.0
1304 26 4.0
520 8 4.1
1970 84 3.0
1239 5 3.0
1737 6 3.0
470 166 3.5
259 45 4.1
2277 3 4.1
1567 46 1.0
1792 23 1.0
476 23 3.0
1688 178 4.1
741 35 4.0
1348 1 4.5
1823 45 2.0
1455 68 4.0
2293 41 4.1
845 4 3.0
1501 63 5.1
1381 37 3.0
175 84 3.0
600 26 5.1
706 3 3.1
351 84 4.1
1069 4 4.1
1236 74 3.5
942 3 3.6
904 125 4.1
1054 146 4.1
2139 84 3.1
1441 29 4.1
1734 49 4.0
241 23 4.0
765 8 5.1
1900 45 4.6
296 136 4.1
14 46 1.0
493 19 4.0
1022 83 2.1
476 35 3.0
75 1272 3.0
999 26 2.1
2016 84 1.5
728 25 4.5
1607 26 4.1
1489 64 3.1
60 178 2.6
2173 136 2.5
1089 11 4.0
1725 1 4.1
1252 7 3.1
1791 45 4.0
414 27 4.6
1262 26 5.1
1450 20 3.0
2286 1 3.1
1995 27 4.1
463 17 5.0
1614 84 5.1
757 1 5.1
557 25 5.0
1461 30 4.1
330 7 3.0
271 45 3.1
750 87 2.0
534 3 5.0
805 7 3.0
93 1 4.0
1404 3 4.0
2174 68 4.0
1049 44 4.0
2173 134 1.5
383 84 4.0
461 836 4.6
92 39 3.1
560 131 1.6
195 66 5.0
2070 1227 4.5
1781 1 3.5
1979 6 4.0
1431 1227 4.0
969 1 4.1
1957 1 5.1
899 146 3.0
748 43 4.0
713 5 5.0
1307 26 4.1
993 131 3.0
520 25 4.0
506 75 3.0
84 58 4.0
1304 7 2.0
1530 39 3.0
1865 1 4.5
928 27 3.1
1106 6 3.0
1860 112 3.0
1613 1 5.0
1357 565 2.1
91 8 2.1
1782 1 4.1
1810 20 3.1
2058 7 0.6
567 3 4.0
750 43 3.0
637 26 5.0
1860 143 3.0
749 131 2.6
695 93 1.1
53 26 3.1
1915 45 4.1
1225 42 4.1
1111 1 4.5
1638 8 3.1
1339 26 4.0
1206 128 5.1
1849 75 4.1
21 25 5.0
1431 1224 4.1
1537 8 2.0
1022 1063 3.0
1311 5 2.0
502 26 3.1
73 6 3.1
1069 35 3.1
1523 3 3.6
1743 7 4.0
278 5 4.0
1656 45 2.6
587 84 2.0
1069 20 4.6
1691 58 4.1
1245 84 5.1
1431 27 4.0
993 128 4.1
568 26 5.1
971 6 3.0
370 7 3.0
250 7 3.1
1821 6 3.0
2267 45 4.1
1413 8 3.1
2276 68 5.1
2270 1 5.0
520 1 3.0
767 66 3.0
317 84 3.0
789 1 5.1
2248 69 4.1
524 25 4.6
132 6 3.0
1374 7 2.6
1400 7 3.1
591 43 4.1
60 61 3.0
2087 143 4.6
1421 24 4.1
587 39 4.1
982 13 3.1
1411 42 5.1
1983 45 4.1
1660 166 2.5
617 5 4.1
1735 5 3.0
1090 17 4.1
1259 1 4.0
1762 43 4.1
1564 7 3.1
1869 26 5.0
1691 1 4.0
1140 25 4.5
2013 23 4.1
597 1 3.0
2199 990 2.1
2267 58 4.1
592 49 1.1
2194 25 2.0
1456 58 5.0
1422 803 3.5
859 178 4.0
736 29 5.0
599 131 4.0
1631 27 4.1
1200 131 2.5
1090 128 4.0
545 7 3.1
822 1 4.6
1317 6 2.5
1794 43 4.0
1731 9 1.0
1185 26 5.0
465 22 5.0
1221 8 4.0
1783 1 4.0
433 5 4.0
465 6 3.0
1317 43 2.5
1445 188 3.0
438 84 3.0
