61 7 4.0
1647 128 3.6
1850 5 4.6
1382 53 2.1
1124 84 5.1
1810 46 1.0
1076 1 3.0
1566 17 3.0
1374 45 3.5
1295 25 4.0
762 39 2.0
1864 7 3.1
1528 26 4.6
755 1 5.0
1970 990 3.6
2261 1 4.1
1069 46 2.1
912 7 3.1
1997 84 4.0
1416 1 3.0
1374 191 3.6
611 22 5.1
744 1 5.0
1964 1 1.0
110 1 4.0
1640 7 4.1
92 42 3.6
2267 95 3.0
1042 72 4.0
1983 84 2.1
1295 17 4.0
1530 9 3.0
2029 42 3.1
2174 58 4.1
1017 26 3.1
687 27 4.1
1689 662 4.1
942 8 1.5
126 35 5.0
1607 42 3.1
686 26 4.0
2200 2 4.0
175 12 3.6
942 7 2.6
37 7 4.0
1262 7 2.1
1860 100 4.1
1771 61 4.0
1179 7 4.1
1718 1 4.0
1958 7 5.0
1435 45 3.0
1514 45 4.6
1239 17 4.0
1771 191 1.0
518 97 2.6
1054 191 2.0
261 43 4.1
1995 26 4.1
1829 1 5.0
2141 42 1.1
2133 26 4.1
1827 39 2.1
762 53 3.1
846 1 4.1
728 5 3.5
133 7 4.1
2115 26 5.1
692 8 3.1
837 3 4.1
1523 4 3.0
642 1 5.0
977 1 1.0
1052 20 4.0
493 89 5.0
487 84 4.1
850 7 3.1
1864 131 3.0
494 3 5.0
1609 66 3.0
45 45 3.0
637 42 2.6
1523 777 2.0
1493 45 3.1
1576 43 1.5
743 127 2.5
1245 69 5.1
1948 63 3.1
1453 6 4.0
1548 45 4.0
1640 45 4.6
1827 79 4.1
1071 26 4.0
25 7 4.0
1381 7 3.0
1231 1 4.0
1160 26 4.0
26 6 4.1
1998 68 5.1
1267 7 3.0
60 110 3.0
42 5 2.6
1178 100 4.1
1052 45 3.1
2052 155 3.0
2293 20 4.1
339 7 4.1
750 7 1.1
1100 188 2.1
1978 1 0.5
302 72 2.0
586 100 0.6
201 42 3.1
1100 1 4.0
2006 22 3.1
1528 84 1.1
779 1 3.0
1258 1 4.5
1638 7 3.1
1196 181 1.1
1544 7 4.0
1462 45 4.1
1069 131 2.6
1650 45 5.0
436 7 3.1
902 35 4.0
2167 13 3.1
1301 1 4.6
952 1 5.0
310 41 3.5
801 61 4.5
478 29 3.1
1966 25 2.0
1909 43 5.0
2231 5 3.0
1523 97 2.6
2049 5 5.0
2010 131 3.5
749 1009 4.0
231 3 3.0
1647 108 2.6
2013 104 3.0
1881 35 4.0
1805 26 3.6
1991 1227 4.1
92 4 3.5
1359 26 5.1
493 22 4.0
195 95 4.5
1179 1 3.0
1084 8 3.1
1567 11 3.1
1297 42 1.1
942 42 2.1
749 27 4.1
881 23 4.0
910 162 5.1
699 8 3.0
2136 6 3.1
2275 128 4.6
1305 24 3.0
1493 26 3.0
2139 45 4.0
311 1224 1.1
269 5 4.1
296 95 4.0
361 8 4.0
1364 1 4.1
1593 128 4.5
208 35 4.0
152 69 0.6
1583 7 4.0
1723 64 5.0
1253 43 2.0
1181 82 4.0
1544 3 3.0
1143 1227 4.1
1903 1 4.1
687 39 5.1
37 6 4.0
960 1 4.1
547 17 3.1
570 5 2.1
767 20 4.1
442 26 5.1
2039 35 3.1
1850 1227 4.6
1879 25 3.1
1597 42 3.6
904 146 3.1
1430 31 2.1
1724 22 5.1
160 1 3.0
706 10 2.1
190 84 3.0
942 45 3.1
2155 128 5.0
1472 3 3.0
1430 29 3.1
1516 112 2.5
993 43 3.6
1850 178 4.1
1848 26 4.1
1046 72 4.0
1047 43 2.0
1140 166 2.6
1382 7 1.0
1752 1 4.1
2156 104 3.1
1873 63 5.0
1090 1272 3.0
1019 26 5.1
2176 41 3.1
1252 39 2.0
518 9 3.0
706 7 3.0
701 5 3.1
58 1 4.1
1284 1 3.0
1464 84 4.1
587 20 4.0
538 45 5.0
953 17 5.0
985 7 2.1
218 836 4.0
1931 76 2.1
1092 131 4.0
1530 13 3.0
611 3 4.5
1544 43 3.0
375 27 5.1
1800 45 4.0
750 8 3.0
1191 6 3.0
1570 35 4.0
1647 68 4.1
1217 43 4.0
2152 58 4.0
1561 1 2.1
1405 1 4.6
1252 8 3.0
2142 39 4.0
965 1 4.1
1595 5 5.1
1059 7 1.1
143 84 3.6
469 45 3.1
44 1 4.1
1855 26 4.0
749 8 3.1
697 1 2.0
1804 25 4.1
1357 139 2.5
1459 26 4.0
298 133 3.0
1152 1 4.0
1010 7 3.0
1556 6 4.1
942 145 3.0
1010 6 3.0
593 45 4.0
2120 6 3.1
1981 7 4.0
904 23 3.0
2209 128 1.0
661 26 5.1
1236 8 3.1
1748 1 3.0
2038 20 3.0
468 132 4.1
1082 803 3.5
32 43 3.1
2188 7 3.1
2133 8 4.0
2167 9 5.0
2062 84 3.1
2146 33 4.0
509 7 2.0
1523 1233 2.0
1467 43 5.1
1841 100 3.1
190 7 2.1
16 113 4.0
1386 190 5.0
2273 49 5.1
617 43 1.1
2117 25 5.1
192 5 5.1
1573 128 4.5
2200 1 5.0
766 68 3.1
979 7 3.0
1597 8 3.0
223 1 5.0
490 1 5.1
2179 1 4.5
2168 7 4.0
1017 178 3.5
962 74 4.0
16 8 4.1
632 23 4.1
10 11 3.1
984 51 4.1
60 131 2.1
1347 117 3.1
1371 131 3.6
2244 43 5.1
393 1 5.0
2009 100 4.1
263 72 4.0
624 7 3.1
1641 7 3.1
1430 27 5.1
650 128 5.0
527 20 4.1
311 1 4.1
2114 7 1.5
1371 909 1.5
1891 41 5.0
459 143 5.0
1741 5 3.0
2159 7 2.5
2005 990 3.1
2010 84 4.6
2139 9 4.0
1860 24 1.0
1588 990 4.1
2143 84 2.0
1737 43 4.0
1093 44 5.1
1607 69 2.6
2176 49 4.0
646 128 5.0
845 45 4.0
1178 84 4.0
1915 35 3.0
493 95 5.1
1774 845 1.1
1232 47 3.0
1028 1 3.1
268 128 4.5
1359 68 4.1
319 1063 3.6
1609 20 3.1
119 66 3.1
2258 2 4.0
723 43 3.5
992 7 3.0
801 20 5.0
240 1 4.0
194 45 4.1
424 7 5.0
2220 84 5.1
1101 1 4.6
940 2 3.1
587 11 3.1
278 26 4.0
2015 128 5.1
806 1 2.1
264 26 5.1
1198 1 5.1
52 909 4.1
1069 777 1.5
1319 131 3.6
27 15 4.1
1380 3 3.5
289 7 4.1
2200 22 2.0
412 84 4.1
2015 41 3.6
2173 116 1.0
1371 8 3.6
323 168 3.6
9 80 3.6
1430 5 4.0
1185 35 5.1
470 1 3.0
520 9 3.0
1497 836 3.1
1357 43 2.5
818 84 5.0
41 42 4.0
2003 95 3.0
2113 23 5.1
899 75 3.0
43 45 3.1
2301 100 2.1
982 4 2.0
801 35 3.0
264 1 4.1
1823 46 2.0
547 4 3.1
1989 131 5.1
1066 8 5.1
60 4 3.0
241 8 2.0
180 26 3.5
542 23 3.1
1991 128 5.1
1688 84 4.1
1724 25 5.0
1675 75 1.1
217 131 3.5
296 45 3.5
42 26 4.1
1573 45 2.0
542 20 5.1
1228 84 4.1
1739 1 5.0
1431 188 4.1
228 6 1.0
1307 68 4.0
1956 35 2.5
519 6 3.1
2035 1 2.1
367 26 5.0
493 18 4.0
1353 1 3.0
1491 27 2.1
461 181 3.0
92 3 2.6
2299 3 3.1
1226 6 5.0
1135 2 4.1
1841 45 3.0
554 9 3.0
971 5 4.0
2210 6 3.1
1069 17 4.0
1499 68 4.5
1416 11 5.1
118 26 4.0
908 84 4.0
1252 21 3.1
2124 35 4.1
1860 1009 4.1
425 26 3.0
1795 6 3.1
468 43 5.1
2300 20 4.6
122 3 4.1
414 45 4.0
1980 20 3.0
1566 1 3.0
1178 139 4.0
1860 25 4.5
2142 30 2.1
1236 13 3.6
190 26 4.1
612 1 4.0
1027 6 3.1
2244 42 3.0
1599 3 4.1
1284 43 3.1
1792 25 4.1
58 1227 4.6
1386 26 4.6
1186 26 5.0
658 40 4.5
2133 45 4.1
461 55 5.0
543 84 3.0
695 37 1.1
1846 43 4.0
106 1 4.1
2142 35 4.0
922 7 3.0
857 5 3.1
1709 7 3.0
48 128 5.0
1191 7 3.0
2164 17 2.6
520 43 3.0
1068 27 5.1
1422 58 3.6
57 1227 4.6
455 76 1.5
1114 20 4.1
1893 6 5.0
1754 100 5.0
819 1 4.0
312 5 4.1
1934 49 3.6
1020 128 4.0
570 46 2.0
1431 3 3.1
1912 84 3.6
695 53 5.0
1178 93 5.0
767 41 4.0
1853 27 5.1
2062 69 1.1
10 31 3.0
2072 1 5.0
14 25 4.0
2070 128 5.1
1027 131 2.0
802 3 3.0
2233 27 4.0
750 75 3.0
560 1227 4.5
503 803 3.1
1140 45 4.0
1098 803 3.0
2113 45 4.1
493 45 3.0
1715 128 4.1
157 80 3.0
1422 128 4.5
611 83 3.0
658 178 2.6
1864 45 4.0
935 8 3.1
157 23 4.6
1430 7 1.0
1581 5 3.0
1662 45 3.5
587 73 3.1
1052 7 4.0
194 131 2.1
106 6 5.1
130 35 4.0
938 1 3.5
1922 1 4.0
1359 11 4.0
727 7 5.1
1392 20 4.0
2014 1 3.0
612 25 5.1
904 89 4.0
75 45 3.1
1064 6 5.1
1864 61 2.0
2080 3 2.6
829 27 4.0
73 7 4.0
1990 45 3.0
1080 6 4.0
1640 714 4.6
2061 84 3.5
1445 25 3.0
61 39 4.1
945 178 3.6
1377 75 3.0
1898 1 4.0
771 131 3.0
221 17 5.1
137 1 3.0
1048 7 4.0
514 1 5.1
238 3 4.1
635 23 4.0
565 6 2.0
261 1 4.1
231 42 5.1
1742 7 3.1
152 84 3.1
1970 170 1.6
1273 1 4.0
743 3 4.5
993 26 4.5
1960 35 4.0
127 43 3.1
1431 162 5.0
91 11 3.0
2233 5 3.1
1498 84 3.1
820 17 4.1
1567 3 3.0
958 41 5.0
1645 44 4.6
1864 1105 3.5
592 136 1.1
930 155 5.1
1239 35 3.1
37 10 1.1
2301 7 3.0
617 27 5.1
1956 128 3.0
1560 5 3.1
702 26 5.0
973 7 4.1
637 35 3.0
671 3 3.0
146 84 3.5
2028 131 2.6
1566 23 2.1
560 990 2.5
1162 3 5.1
822 131 3.6
750 1 4.1
1231 1063 5.0
2241 79 3.0
1140 1 4.1
1241 26 4.1
180 27 4.1
150 45 3.6
1544 68 4.0
1225 22 4.0
404 68 4.5
2282 17 3.5
687 45 2.0
1995 128 3.6
1674 26 5.0
169 5 3.6
1567 8 3.1
493 42 3.0
815 96 5.1
1099 8 3.1
1623 1 4.6
1931 17 4.1
1586 1272 3.5
82 35 4.0
2267 181 5.0
502 44 5.0
1578 69 3.0
166 8 3.0
2080 45 4.1
1252 34 3.1
1335 72 5.1
2082 7 3.0
465 51 2.1
1719 45 5.1
1631 23 5.0
661 1 5.1
1348 68 5.1
1118 4 4.1
570 17 2.0
92 35 3.5
1706 1 5.0
2163 23 4.1
953 7 4.1
570 131 3.1
586 35 2.6
1551 7 3.0
696 49 5.1
1827 3 4.0
1090 35 3.1
280 45 4.1
1231 128 5.0
535 1 5.0
540 6 1.0
42 131 3.0
468 69 2.5
1860 129 3.0
1740 3 3.0
832 27 2.0
1400 1 4.0
1015 24 2.0
2060 25 5.1
1407 1 3.0
1515 1272 3.5
1040 5 2.5
822 95 4.5
1346 1227 4.1
1357 6 2.5
1205 30 3.1
1613 6 5.1
1304 58 4.0
1149 35 2.5
406 27 5.1
1691 84 3.0
1374 26 3.0
1983 43 3.6
493 46 2.0
2287 95 4.0
493 84 3.1
1253 1 4.6
547 84 4.0
60 20 3.0
1959 6 3.0
1162 7 5.1
904 131 2.1
968 45 3.6
355 84 1.0
231 43 4.1
590 84 4.1
1566 26 5.0
468 74 3.0
296 128 4.6
1912 27 4.0
838 20 5.0
1379 2 4.1
195 990 4.6
1320 23 1.1
92 8 2.5
570 84 2.0
838 11 3.0
247 3 5.1
1591 7 4.1
1860 147 2.5
1161 45 3.5
1489 8 3.1
543 85 2.1
1734 26 4.1
904 22 3.0
538 116 0.5
1931 11 4.0
553 42 1.0
687 34 3.1
1674 80 2.1
1324 1063 3.6
231 17 5.1
900 1 3.5
1688 45 4.1
2052 31 3.1
83 43 4.0
274 1 4.0
43 84 4.1
1430 75 4.0
1956 95 4.1
1284 58 5.0
1586 128 4.6
1719 27 5.1
279 1 5.1
150 1 4.1
1311 44 4.0
788 35 4.0
1407 3 4.0
1991 1148 4.1
1357 803 4.1
1671 128 1.1
1548 21 3.0
1633 1 5.0
455 43 3.6
361 7 3.0
2161 7 4.0
2285 84 1.6
2267 562 2.5
513 178 3.6
637 836 4.0
468 100 3.0
1022 836 3.5
982 1 5.0
2259 6 4.0
769 43 2.0
1649 1105 3.0
1573 1 5.0
1662 26 4.1
934 1 5.1
863 17 4.1
2213 84 4.6
92 117 4.1
803 128 4.6
1548 178 3.0
1371 1 4.5
1538 27 4.0
404 166 4.6
620 1 3.0
1597 3 4.1
928 41 4.0
1225 26 2.0
2288 4 4.1
1544 39 3.1
132 116 1.5
925 1 5.1
1827 84 4.0
570 7 3.1
2003 27 3.0
906 30 4.0
2174 41 5.0
1237 45 5.1
2068 26 3.6
1868 86 5.0
2042 149 4.6
661 45 4.5
1617 6 3.1
1347 72 2.6
1252 43 5.0
958 43 3.0
1426 5 3.1
2052 26 4.0
1724 45 2.1
942 146 3.1
1066 3 5.0
1042 45 4.1
733 191 2.5
1312 129 4.1
728 147 3.6
2189 3 3.0
1712 3 3.1
680 7 3.1
1523 75 2.6
1516 26 4.1
1300 131 2.0
2013 49 5.1
1339 45 4.0
1017 7 3.1
1534 35 2.6
570 49 3.0
1531 6 4.0
2102 11 4.0
674 6 5.0
2227 1 5.1
1232 49 2.1
330 10 3.1
871 43 4.0
1864 23 3.0
1359 23 3.0
1824 75 3.1
830 49 4.1
2156 45 5.1
961 74 2.0
2005 27 4.1
686 46 1.1
1319 35 3.0
1603 6 5.0
2126 10 1.0
2142 42 4.0
1069 143 5.0
1556 1 5.0
2248 35 4.0
1523 13 2.1
1961 7 3.0
719 7 5.1
1375 128 0.6
428 1 5.0
196 1 2.1
1682 1 3.6
1256 7 5.1
2173 46 1.0
340 8 4.0
1865 29 3.5
296 23 2.1
1567 42 2.0
2173 24 2.5
1026 39 3.0
1143 1258 4.5
1829 1272 3.6
964 139 3.1
210 1 3.1
1317 894 3.6
1481 84 2.0
49 43 3.0
96 8 3.0
762 9 4.1
893 45 3.6
60 1272 4.0
1809 35 3.1
1025 5 3.1
468 31 4.0
1544 22 4.0
1556 7 3.0
1245 845 4.5
1689 3 3.1
1440 3 3.0
1585 5 5.1
179 3 3.1
499 20 5.1
381 7 3.0
661 20 4.5
1608 43 1.5
362 5 5.1
440 43 3.0
722 26 4.0
1626 27 5.1
1931 61 3.0
2028 1 5.0
1357 23 3.0
2080 26 4.5
218 1 3.6
455 131 3.5
1150 27 4.1
91 34 4.0
1543 116 2.1
1758 7 4.1
406 23 5.1
1279 43 3.1
899 11 2.1
1670 7 1.0
1460 5 4.1
989 1258 4.5
982 5 4.0
75 845 2.5
295 35 2.0
1071 35 3.0
2173 69 3.0
1318 63 4.0
1284 6 0.6
1307 27 4.1
1046 68 5.1
1022 1148 2.5
587 8 4.1
1455 45 4.0
1245 45 5.1
750 27 4.0
1239 43 4.1
150 990 2.5
1647 166 3.5
1864 146 4.0
2215 7 3.1
1856 58 4.0
1790 7 3.1
1671 1063 4.1
1316 8 3.1
1913 26 4.0
1576 80 1.5
1206 1 4.0
1042 20 5.1
1170 8 3.1
610 35 4.0
1662 84 2.5
823 7 3.1
397 45 4.1
276 7 3.0
967 6 5.1
1568 5 4.1
1397 43 2.6
1298 17 3.0
1696 45 3.1
2210 3 1.1
1758 26 3.1
1821 1 3.0
2179 5 4.1
1069 25 4.1
779 7 3.0
2168 35 2.1
1607 45 3.5
123 35 3.0
1850 2 3.1
359 6 4.1
1035 7 2.1
900 26 4.1
820 1 4.0
1421 27 5.0
643 6 3.6
2282 178 3.5
570 43 2.0
208 45 4.1
1876 181 3.6
2008 1 5.1
1618 74 4.1
1090 1 4.1
1698 7 5.1
1273 3 4.6
958 30 2.1
750 74 3.1
1608 7 4.6
1552 31 3.0
801 27 4.1
1286 63 3.0
1638 6 3.1
1717 8 3.1
550 17 3.0
296 84 1.0
1697 191 3.6
1020 45 3.6
1441 31 5.0
742 43 2.1
859 1 4.6
1523 5 2.0
1338 116 1.0
1027 8 3.0
2101 6 4.1
75 116 2.0
15 128 4.6
1527 5 4.0
613 6 4.0
2167 8 4.0
260 37 1.0
892 7 3.1
1585 7 3.1
1031 1 3.6
912 5 4.0
2030 3 3.0
1648 23 4.0
84 1 4.0
868 1 3.0
335 3 3.5
125 1 4.0
495 27 3.1
749 3 2.5
1573 26 4.1
1991 143 4.0
801 7 4.0
2142 24 2.1
489 6 3.0
1026 84 5.0
1310 26 5.1
634 990 0.5
1565 1 5.1
637 7 3.5
388 1 4.5
1752 7 4.1
91 3 1.1
2013 15 1.0
1634 8 4.1
562 7 2.0
1020 1 4.6
12 1 4.1
1205 3 3.1
233 5 5.1
2232 35 3.0
1621 68 4.0
2004 35 4.1
62 80 3.1
2265 6 1.6
1273 26 4.0
2267 44 3.6
18 11 3.0
1551 8 3.1
1983 13 2.1
1649 1 4.0
621 1 4.0
60 84 3.1
1859 990 4.0
464 41 5.0
937 7 3.1
2244 46 2.1
319 134 1.6
2161 17 4.0
1474 45 3.1
2062 26 5.0
1528 128 4.5
871 5 5.0
1431 175 4.1
2195 3 3.1
1249 1 5.1
1608 23 4.0
1909 7 4.0
748 26 2.5
1116 66 4.1
208 1 4.1
85 8 3.1
788 1 5.1
1864 128 3.1
1647 134 2.0
1056 45 3.6
1181 1148 3.5
2142 86 4.1
2143 1 5.0
532 13 3.1
247 17 3.0
60 714 3.6
157 39 3.6
998 139 5.1
634 1224 2.6
1956 20 3.0
1784 1 4.1
2188 8 3.0
1851 1 4.6
2209 84 2.0
645 3 4.1
538 128 5.1
1970 26 5.1
80 17 4.5
1237 39 2.6
1864 6 2.6
694 1 3.1
1624 75 3.1
1992 5 1.1
650 990 3.0
542 11 4.0
850 45 3.1
555 26 4.0
908 128 4.0
912 13 3.0
1693 3 3.0
1559 27 1.5
740 7 5.0
2279 6 5.0
1106 5 2.0
722 131 2.5
638 45 5.1
1567 39 3.1
1860 84 2.1
1567 5 5.1
696 5 5.0
121 7 3.0
1640 1105 3.5
817 1 5.0
495 8 3.1
1846 35 5.1
527 45 4.1
1728 7 3.0
165 5 3.0
2052 178 3.5
634 1105 2.5
1567 80 4.0
1563 55 3.0
611 1063 5.0
76 26 4.6
2303 8 3.1
1718 7 3.1
70 26 5.0
168 2 3.1
1931 26 3.1
406 7 3.1
1474 139 3.5
1654 25 5.1
960 45 2.6
518 26 3.0
96 6 3.0
411 84 4.6
1336 3 3.0
2288 3 4.1
1627 80 4.1
1502 3 4.1
2104 1 4.5
1334 3 1.1
1608 31 4.1
912 11 3.1
2233 3 3.1
904 84 3.0
2235 80 5.1
1040 45 3.0
1656 128 3.6
700 1 4.5
2171 45 4.5
1947 25 5.1
2142 45 5.1
2091 43 2.0
1734 72 3.0
173 95 4.0
380 166 3.5
891 27 4.1
1860 11 3.5
75 95 2.6
2052 25 3.6
118 25 5.0
422 1 4.1
1114 41 5.1
1379 14 3.0
1238 43 5.1
127 26 2.1
904 155 4.1
417 185 4.0
279 7 5.1
1879 21 5.0
1328 5 3.1
1527 95 4.0
1957 45 1.1
559 1 5.0
1069 5 4.1
666 1 4.1
759 35 4.1
329 7 4.0
2107 45 3.5
302 26 3.1
1386 1 4.0
340 5 4.1
424 11 5.0
617 26 3.0
1592 128 3.5
379 6 3.1
2301 45 4.0
1243 63 4.1
2230 41 5.1
585 1 4.1
1829 43 4.1
2087 1 3.0
500 1 5.0
1860 131 3.5
1647 3 3.6
1856 128 5.1
749 191 2.1
570 79 2.1
2133 35 2.1
242 3 3.1
1160 74 2.0
830 45 3.6
2068 1 4.1
1115 836 3.6
2053 178 3.1
513 45 4.5
2052 39 3.1
1983 116 2.1
2035 6 4.1
1406 20 3.5
1572 1 3.0
175 5 4.0
323 60 4.0
1683 87 3.0
1425 1 1.0
805 5 3.1
263 45 3.1
303 25 4.5
2107 155 4.0
1722 803 4.1
570 125 3.6
1863 173 5.1
1333 26 5.0
904 74 3.1
601 26 4.1
1566 5 3.1
1763 7 4.1
517 45 3.0
1810 65 3.1
93 26 5.0
2043 23 4.1
1226 3 4.0
4 43 3.1
1440 6 4.1
953 23 3.0
75 63 3.1
834 49 4.1
90 59 3.1
1963 1 5.0
1335 139 4.0
2008 10 3.0
1683 95 4.1
1680 1 5.0
1114 83 3.0
2103 7 3.1
1524 4 4.0
1528 1 4.5
19 7 3.1
1567 19 4.0
1231 104 4.0
2040 93 1.1
2192 49 5.1
2173 1176 3.1
676 7 3.1
1357 25 3.5
1759 5 3.0
1560 7 3.0
1972 5 4.0
1042 26 4.1
1855 41 5.1
1485 44 3.0
2167 1 5.1
1797 1 5.1
357 45 4.1
1312 178 3.5
1357 7 2.0
91 31 4.1
1052 129 4.6
190 155 0.5
1860 104 3.1
1265 116 4.0
531 6 3.1
1405 181 4.6
1225 80 4.0
1273 128 4.6
1264 64 4.1
602 30 4.0
1660 5 4.0
1863 1148 4.6
984 122 1.1
52 1 4.0
1890 139 3.5
433 7 4.0
1275 1 5.0
2068 45 3.1
2199 845 3.0
1597 17 3.0
122 17 3.1
1173 26 3.5
596 49 4.1
908 35 3.1
118 43 5.0
1284 24 3.0
908 58 4.6
115 7 4.0
2129 43 4.0
611 62 3.1
1997 178 3.0
222 25 3.1
130 1 3.6
520 20 5.1
854 45 2.0
2106 84 3.0
1317 803 5.0
1567 35 3.0
1114 84 4.0
1043 7 3.1
484 6 3.5
1809 26 5.1
1521 178 4.5
1236 87 3.0
1374 20 4.5
10 45 4.0
949 1 5.1
706 24 2.1
2178 84 3.0
1638 1 3.0
1463 26 5.0
1236 94 3.1
169 45 2.1
1523 57 2.0
2080 131 2.0
1508 45 4.5
1266 6 3.1
1104 45 3.0
1470 7 4.0
1117 80 5.0
2080 6 3.6
468 45 4.0
774 11 3.0
363 58 5.1
1809 27 2.0
1766 8 3.0
60 104 3.1
1771 1 4.0
1858 3 5.1
38 120 4.0
42 1227 2.6
221 6 3.0
1346 35 4.0
1722 836 3.5
1195 7 3.1
1860 95 4.0
33 26 4.6
617 24 1.0
440 35 2.1
1623 128 4.6
1760 7 4.1
157 43 3.0
75 6 3.6
749 45 2.5
141 25 5.1
436 1 4.0
969 4 4.1
942 803 3.5
2084 84 3.0
1802 6 5.0
691 27 4.0
1548 104 4.5
1942 26 4.5
2067 26 3.1
1569 20 4.6
1892 66 5.1
1248 8 3.0
1116 45 3.1
1304 45 4.0
830 95 3.5
1770 66 4.1
1196 5 4.5
2168 44 4.1
648 3 4.1
1754 84 5.0
1502 27 4.1
1612 1105 4.6
479 1 5.1
388 836 4.1
2056 6 3.1
240 25 4.5
1864 39 3.0
2008 4 4.1
1826 4 3.0
1538 3 4.0
2052 63 3.0
823 8 4.1
2126 34 4.6
1491 43 3.1
339 66 4.0
1572 26 4.0
945 84 3.1
714 128 4.1
1047 35 4.1
506 45 3.6
596 117 4.0
971 63 2.1
1307 66 3.0
1571 45 4.1
1289 41 4.0
1042 73 4.0
969 5 5.1
2099 1 3.1
1052 181 4.0
319 1148 3.1
506 5 4.1
152 116 0.5
871 75 2.0
1386 128 5.1
278 41 4.1
1253 128 4.5
1404 2 4.0
1143 1176 3.6
277 6 3.1
2080 84 4.0
945 69 1.0
1327 4 3.0
1168 45 4.1
1515 3 3.0
2058 6 4.1
1892 68 5.1
806 5 2.1
1991 1272 4.0
750 51 3.1
2030 26 5.1
718 1 4.0
1970 909 3.5
933 1 3.1
1690 6 4.1
1450 84 4.1
943 26 2.0
1008 7 3.0
1939 5 3.0
489 1 4.0
1778 777 4.1
254 27 5.0
10 8 4.0
256 42 3.0
935 35 2.0
2132 3 3.0
2178 26 4.0
2244 45 5.1
950 7 3.0
981 7 4.0
75 68 5.1
1647 191 1.6
1923 80 4.1
2308 1 3.1
517 75 1.0
1419 1 5.0
2173 35 3.6
518 45 2.5
335 27 4.0
904 42 2.0
1166 7 2.5
1338 84 2.6
1708 6 5.1
2258 30 2.0
518 8 2.1
90 82 4.0
264 2 3.0
899 565 3.6
781 84 1.6
1548 2 4.5
753 1 5.1
1070 31 3.5
1294 26 5.1
187 6 4.1
1095 3 3.1
1160 5 3.1
69 1 3.0
465 24 1.1
1243 84 4.1
1979 7 4.0
1912 35 4.0
2275 35 4.0
2258 29 3.0
1800 26 3.5
891 6 3.1
1775 1 3.0
1264 836 5.0
1791 26 5.0
2010 1094 4.1
2108 45 4.0
1087 178 3.0
1178 136 3.1
285 6 3.0
592 127 4.0
1374 128 3.1
1280 7 3.0
1867 7 4.0
1279 35 3.1
2142 51 4.0
682 7 5.0
388 84 4.1
1193 31 3.1
2102 3 4.1
854 35 1.5
2080 894 3.5
1052 143 4.6
42 13 4.1
1523 9 2.5
1970 5 3.6
1609 68 4.0
1691 25 5.0
2124 1 4.0
1892 26 4.0
1570 128 4.0
1136 84 5.0
425 7 3.1
891 7 3.0
750 45 2.0
1752 6 3.0
604 7 3.6
2283 18 4.1
1036 26 4.1
1374 43 4.0
617 29 2.0
2033 990 4.1
1515 131 2.5
1323 41 4.0
1213 1 1.1
1049 43 3.1
679 1 4.0
1857 26 5.0
1335 80 4.0
1348 66 4.5
1902 1 5.1
617 42 1.1
2264 6 2.0
1991 909 4.0
307 68 4.0
433 9 3.0
1202 1 3.1
151 68 5.1
2091 7 2.5
262 116 4.1
881 26 2.0
1846 1 4.1
1116 43 3.0
974 84 4.0
2183 5 4.0
157 45 4.6
1970 129 4.6
1178 23 5.1
1809 75 2.0
1856 5 3.1
1569 27 4.6
1490 1 4.1
484 131 4.0
1865 87 3.6
1864 8 4.0
1888 5 2.0
1431 5 4.5
550 35 2.5
1480 63 5.1
1537 30 3.1
806 6 3.1
1568 1 4.0
1908 1 4.1
1336 100 3.1
2052 9 3.0
37 4 4.0
281 64 4.1
1508 69 3.0
1300 128 5.0
1148 23 5.0
2052 43 3.0
1656 1 4.6
734 26 4.6
1601 5 4.1
596 43 4.0
340 7 3.0
2155 1 4.1
908 80 3.0
353 35 4.6
776 22 1.0
1820 1 5.1
1743 6 4.0
489 7 3.0
194 990 4.0
2299 7 2.0
1640 1224 4.6
323 24 0.6
2282 3 4.0
1069 27 5.0
193 45 4.0
804 45 4.0
1069 117 4.0
213 26 3.0
2253 7 4.1
1253 26 4.1
1435 128 4.1
2171 8 4.0
1523 87 1.1
463 128 5.1
696 6 3.1
2244 20 3.0
2080 803 3.6
1861 84 2.0
1523 80 3.1
1433 91 3.0
2268 84 4.0
557 27 5.1
1776 41 5.0
15 26 3.6
1357 91 2.6
942 116 1.0
893 131 3.0
1860 125 3.1
43 31 3.0
1391 26 4.0
612 17 4.1
788 1148 4.6
178 3 2.1
1865 164 4.0
1763 45 4.0
1149 84 3.1
2057 1 5.1
2209 100 1.1
1431 95 4.5
10 27 4.1
1970 7 3.0
42 7 4.0
703 8 3.1
590 1105 3.1
2087 149 2.5
468 7 4.0
44 6 4.1
2045 1 3.5
1470 26 4.1
1857 7 4.0
1065 20 3.1
2120 5 3.0
1228 55 3.0
1983 5 3.5
448 8 3.1
1593 803 4.6
1069 836 4.6
951 84 3.0
1019 1 4.0
2200 37 1.1
2013 80 4.1
2296 17 4.1
1818 43 3.1
287 20 3.0
1827 69 2.1
957 181 4.1
156 143 5.1
16 9 5.1
1810 26 4.1
1657 45 3.0
1966 35 3.0
38 84 3.6
518 7 2.1
1159 74 2.0
968 35 3.6
1722 181 3.6
2133 27 4.0
908 45 3.5
2230 84 4.0
1890 49 5.0
587 1 4.0
1769 37 1.1
1462 84 3.1
2200 5 4.1
317 42 3.1
1689 26 4.0
1864 95 4.1
43 69 3.1
222 6 4.0
949 7 3.1
2091 45 3.0
2005 162 3.0
1566 74 3.0
1885 40 1.1
369 35 5.1
1864 93 3.6
805 8 3.0
946 7 3.1
1781 6 0.6
1069 26 4.5
1592 7 3.6
493 116 1.1
1852 5 5.0
147 1 2.0
786 7 5.0
1347 128 5.1
581 17 1.0
739 26 3.0
1252 31 3.1
2293 23 4.1
453 6 3.1
805 6 3.1
1067 66 3.0
1337 29 3.0
2173 17 2.5
1860 39 4.0
405 25 4.1
1618 29 2.0
1995 1 4.0
2190 45 3.6
1307 8 3.1
1769 35 4.1
1440 29 3.0
1571 135 3.5
1737 31 3.1
1312 128 3.6
2176 27 3.0
1592 26 4.1
2062 27 4.0
1451 5 5.0
403 7 3.0
1196 128 4.0
1232 60 5.0
624 1 4.1
1893 42 3.0
1934 25 4.0
1916 6 3.1
1480 72 5.0
2168 27 4.1
1159 51 2.0
1660 42 2.1
700 26 4.5
1649 128 5.1
221 35 3.1
1679 45 2.6
1576 58 4.5
1065 21 5.0
2161 35 2.1
978 1009 4.5
2226 84 4.1
2276 1 3.1
1071 39 3.0
153 45 4.1
168 63 3.1
1860 26 5.1
455 125 4.0
1864 110 2.5
721 27 2.0
1304 74 4.1
2071 7 3.0
1313 155 4.1
912 26 5.1
1431 7 3.1
1618 45 5.1
1214 1 3.0
1523 127 2.1
2016 7 3.6
9 104 4.6
2110 45 3.0
1178 803 5.1
2173 836 2.5
648 30 4.0
231 35 4.0
268 1 4.0
1339 1 4.0
1783 7 1.1
912 17 3.0
1422 84 3.6
1431 23 4.1
878 26 2.6
15 8 3.6
1225 19 5.1
152 26 3.5
2091 24 3.1
355 11 3.0
1052 5 4.1
1627 45 5.0
1522 7 4.1
905 43 1.1
1950 148 3.0
401 1 3.1
1836 8 4.1
1711 1 4.1
404 45 2.0
947 22 3.1
1126 35 2.0
1193 1 4.1
961 22 4.0
596 84 3.0
601 25 4.1
60 80 3.1
2200 45 3.1
488 42 4.1
1521 26 4.0
1791 35 4.0
1052 178 4.1
1152 7 5.1
43 43 4.1
1916 7 4.1
1020 7 1.5
617 20 4.0
1647 39 1.5
1843 45 3.5
566 1 2.6
1966 9 4.1
1504 131 1.0
1775 25 3.0
458 7 1.6
1755 35 4.6
1359 46 3.0
1074 7 5.0
1118 43 1.0
204 17 3.0
2052 1 4.0
1805 166 3.1
39 178 4.1
2052 6 3.6
37 1 4.0
592 162 4.6
1481 8 1.5
942 66 2.0
1156 3 4.0
359 41 4.6
14 26 4.1
192 25 2.1
1036 1 5.1
1850 836 4.1
2121 84 5.0
1860 35 4.6
2190 84 3.6
601 41 3.1
1582 128 4.6
1067 61 4.1
1196 13 1.6
1462 35 4.0
1696 1 4.1
1647 558 2.5
1570 84 3.1
2013 89 3.0
908 5 4.1
66 1 4.1
476 84 3.1
1231 25 4.5
1125 7 4.0
1966 43 2.1
494 7 3.0
1425 43 1.0
2104 35 4.0
702 84 4.1
157 84 3.1
1763 131 4.0
91 60 3.0
308 5 3.6
2168 23 4.0
1809 5 3.1
1026 45 5.0
1860 145 3.0
2173 132 2.0
1396 550 3.6
1808 2 1.0
1649 178 4.1
1781 26 4.1
296 191 2.6
232 7 4.1
834 43 3.1
445 3 5.1
1685 84 4.1
2178 2 4.0
157 5 4.6
637 43 4.1
1007 7 3.1
1208 1 3.0
1860 146 2.1
1647 183 4.1
1254 5 5.1
1430 64 2.0
218 990 2.5
289 26 4.1
591 7 3.1
323 108 3.5
1284 26 5.1
401 7 3.1
292 49 3.0
1123 25 4.0
517 7 2.0
947 84 5.1
222 3 5.0
1826 6 4.0
2052 7 3.1
1755 3 4.0
50 13 2.1
1142 84 5.1
1523 1063 3.0
77 5 4.1
468 66 4.0
1860 64 4.6
218 178 4.0
750 42 4.0
241 39 3.0
1465 8 4.1
465 43 1.0
19 5 5.1
871 58 5.0
2124 26 3.0
2258 1 5.1
899 169 3.6
845 7 2.1
28 1 5.0
1992 6 5.0
1203 43 5.1
1827 23 5.1
991 1 3.0
194 1105 3.0
1656 13 1.5
1111 26 4.0
1610 5 3.0
1688 836 4.6
1278 27 5.1
277 45 5.0
88 128 5.1
2282 1227 4.6
2230 45 3.5
801 117 2.1
2030 35 4.1
1115 8 3.6
518 116 0.5
676 8 3.1
18 803 3.5
2282 84 3.1
1386 44 3.5
1544 25 3.1
1544 34 4.0
19 25 5.1
1864 9 3.1
1178 68 5.1
1279 1 3.6
1527 45 3.5
1964 43 2.0
131 7 3.1
2195 8 5.0
1421 60 4.0
1864 1 4.0
1911 1 5.1
1730 84 4.1
1284 5 3.5
1027 26 5.0
1865 178 5.0
610 13 1.0
180 5 5.1
1108 26 1.1
2188 6 3.0
313 48 1.0
611 69 4.0
1328 6 2.1
1931 7 3.0
2232 24 4.1
72 43 4.0
2039 7 3.1
1865 53 3.6
756 6 3.5
1497 803 3.5
1878 6 3.0
10 5 3.0
1036 128 5.1
940 3 5.1
2057 3 5.1
801 8 3.0
1523 34 2.1
1775 45 3.1
48 93 1.1
19 26 3.0
959 8 3.1
1027 1176 3.0
237 25 4.6
2042 139 4.6
2072 7 1.0
935 49 2.0
1897 20 3.0
722 990 3.0
2192 2 4.0
404 43 1.6
586 175 2.1
1300 17 3.0
2015 44 4.0
719 5 3.1
2198 7 5.1
2283 45 3.5
2030 42 3.1
1194 1 4.1
1372 45 2.0
1523 83 2.5
543 63 1.0
1722 894 3.1
2167 34 5.1
2301 909 4.1
1983 29 2.1
2139 7 4.0
1688 35 4.0
1691 74 3.1
280 128 5.0
1176 3 3.1
2148 7 2.6
2300 1063 4.5
433 25 5.0
1178 5 4.1
1431 1034 4.6
1882 6 4.0
2087 7 2.5
1489 20 5.1
650 84 3.5
899 1272 3.5
60 836 3.6
2110 110 0.6
942 1272 3.5
845 19 4.1
1567 26 5.1
414 180 3.0
2161 45 4.0
1275 8 3.0
2130 128 4.5
92 24 3.6
1300 84 4.0
904 26 3.6
832 44 3.6
602 2 2.0
1094 43 4.1
792 84 4.1
2142 8 5.1
2200 80 3.0
2236 6 4.0
977 7 4.1
895 35 3.1
1060 27 3.1
1519 35 3.0
42 166 4.0
2129 7 3.1
1140 191 3.0
947 3 4.0
1332 1 5.0
2258 11 3.0
772 1 4.0
468 87 4.0
1868 61 1.0
1860 190 4.0
408 27 3.5
669 1 2.1
695 33 5.0
1963 45 1.6
899 26 4.1
51 128 4.5
1496 1 3.1
1743 5 4.0
317 5 3.6
1847 1 5.1
367 4 2.1
1265 1 3.5
312 84 3.6
1416 7 2.0
122 8 4.0
1255 3 4.1
1071 11 4.0
2142 72 5.1
742 3 3.0
847 84 5.1
550 1 4.0
980 8 4.0
465 23 3.0
157 27 4.5
1312 45 3.1
812 84 3.1
686 35 3.0
1018 1 5.1
2114 45 4.6
75 162 4.1
833 29 5.1
1365 1 4.0
1379 4 4.1
1430 3 2.1
566 128 3.1
1688 131 3.6
1990 26 4.1
280 1 3.6
324 45 3.6
1656 84 4.6
1388 27 4.0
1427 26 3.1
835 1 5.0
736 17 4.0
463 45 4.1
1431 803 4.1
1196 26 4.1
2052 20 4.0
1383 84 3.0
379 1 5.0
2237 43 4.1
613 7 3.1
16 1 5.0
2126 31 3.0
1960 26 4.0
600 116 0.5
778 17 3.0
834 42 2.0
753 7 3.0
1812 31 3.1
1386 84 3.1
463 26 4.0
2030 17 4.0
1810 3 3.1
2121 83 3.1
1593 836 5.0
2010 128 5.0
1523 8 2.5
91 12 2.1
1236 106 1.0
1409 95 3.5
1660 25 4.5
1897 8 3.0
1462 26 4.0
577 3 4.0
285 8 3.1
2052 5 2.5
2120 7 3.1
1881 39 4.0
1623 6 4.1
2010 1 5.1
2053 35 1.0
8 24 3.0
1140 7 3.0
520 45 4.1
970 43 4.1
359 5 5.0
1523 178 3.0
1191 5 4.1
1909 6 4.0
2041 35 4.1
820 4 3.0
1474 11 4.1
615 84 4.0
2083 116 0.6
1294 84 5.1
1430 1 4.0
881 5 4.1
1530 7 3.1
1127 5 2.6
1608 26 4.0
2211 61 4.0
1956 100 3.0
1915 7 0.5
1160 6 5.1
355 45 3.0
1810 7 2.1
194 1272 4.6
1089 35 3.0
2033 45 4.1
1042 8 4.1
1262 5 4.1
2308 6 4.0
1860 6 4.0
806 3 1.1
1307 20 4.0
60 1227 3.6
1805 45 4.0
1860 42 2.0
1434 24 3.1
2189 17 2.0
306 128 4.0
461 1 4.1
1679 1105 3.1
1938 1 4.6
2200 83 2.1
947 8 2.0
750 24 2.1
1357 35 3.0
43 26 3.0
893 41 5.1
1379 5 3.0
1357 27 3.1
1160 8 3.1
1689 45 3.6
750 35 3.0
406 25 4.1
1576 181 4.6
1523 69 2.1
551 84 4.1
1126 1 4.5
2258 31 2.1
1660 65 5.0
527 43 5.0
157 134 1.5
1814 68 4.0
1696 7 3.6
2135 1 4.0
1880 45 5.0
1654 43 1.5
319 803 3.1
881 43 1.1
1016 26 5.1
1857 84 4.1
1371 26 3.1
1530 68 5.0
1640 84 4.6
845 9 4.1
2188 5 1.0
2142 61 4.0
2142 11 4.1
1452 133 3.0
888 46 3.0
175 17 3.0
1319 836 3.1
1537 29 3.0
2004 7 4.1
587 35 4.1
1095 5 3.0
1523 1176 2.6
1730 31 3.0
50 43 5.0
1638 23 3.0
899 72 3.6
1281 27 2.0
2023 45 5.0
993 110 3.5
849 1 3.0
604 35 3.6
493 4 4.0
1548 35 3.0
1455 26 4.0
318 7 5.1
509 26 2.0
871 69 2.1
2231 49 5.0
879 1 4.1
1264 128 4.6
587 41 5.1
722 1063 4.1
402 7 3.0
1319 26 4.0
1548 5 5.1
222 8 3.1
1749 1 4.5
126 1 4.0
1645 146 3.0
1867 1 3.5
1218 3 4.1
2104 84 3.0
2200 13 1.1
92 66 3.0
501 3 3.0
691 5 4.0
1991 166 4.1
60 8 3.0
1803 45 4.0
739 1 4.0
1304 43 4.1
1895 1 2.0
2052 8 3.6
442 42 3.1
573 84 3.0
1120 5 4.0
1857 166 4.1
517 26 3.1
1160 45 3.1
1245 39 3.6
1014 1 1.0
566 45 1.0
1859 5 4.5
2276 44 4.0
947 15 3.1
924 166 3.6
1335 26 5.0
1381 26 2.0
2074 1 3.5
1702 180 4.6
1739 25 5.1
2052 2 3.6
213 42 2.0
2289 84 3.6
1335 23 4.1
690 3 4.1
2030 116 1.0
1806 64 3.1
1570 45 3.5
524 80 1.0
1516 1 4.5
1752 17 4.0
550 26 4.6
493 75 2.0
1307 45 3.0
1040 1 3.6
1940 35 4.0
1597 61 3.0
10 43 4.0
1452 83 2.5
1860 75 3.6
722 128 4.5
1357 44 3.6
92 146 3.1
968 26 4.1
940 7 4.1
1647 100 1.1
1087 84 4.0
1181 135 4.0
592 164 5.1
1236 17 4.1
1717 39 3.0
1862 7 3.5
1857 5 4.1
1940 26 5.1
1247 3 4.1
2182 1034 4.0
1463 25 5.1
1864 173 4.0
2083 131 2.5
2306 3 3.0
468 84 2.5
1567 61 4.0
1357 128 4.1
881 7 3.0
1091 45 4.0
402 6 5.0
1914 7 3.1
1157 1 5.1
146 45 3.5
239 8 3.1
1099 1 3.1
1089 43 2.0
563 118 3.1
634 131 4.6
838 3 4.1
992 1 4.1
854 1105 3.5
743 84 3.5
634 909 3.1
1196 35 3.6
463 1 5.1
838 12 3.1
2200 7 4.1
2114 26 3.6
1864 43 2.1
518 76 2.6
403 20 4.0
1651 23 3.1
285 7 3.1
587 68 4.1
458 5 3.1
1279 803 3.6
70 43 2.0
42 100 2.1
792 35 4.0
2295 131 1.5
1892 75 5.0
1751 66 4.1
2121 7 4.0
370 26 4.0
9 1 4.5
949 6 3.1
2024 1 4.0
1159 66 2.1
2170 6 2.1
924 35 2.1
151 41 5.0
1770 7 5.0
719 6 5.1
1596 7 3.1
404 95 4.0
213 43 5.1
323 86 3.0
111 803 5.1
1792 45 2.0
1660 26 4.0
824 25 2.0
750 61 2.0
1239 39 3.1
244 35 4.0
1920 7 5.1
222 5 3.1
1586 1227 3.6
602 29 3.0
560 1 3.5
1027 836 1.6
363 43 3.6
520 7 4.1
53 7 1.1
2232 26 4.1
438 35 4.5
2262 7 4.1
1178 41 5.1
795 26 4.0
1494 43 2.1
1159 26 3.1
1061 43 3.0
1986 1 4.0
25 3 5.0
2080 175 3.6
1200 17 2.5
517 66 4.0
43 35 2.1
1252 42 4.1
1357 84 3.6
2133 84 2.0
493 3 3.0
60 990 3.1
690 17 5.0
590 131 3.0
2100 7 4.0
1699 26 3.0
2052 4 3.0
537 3 4.5
706 26 3.1
601 49 2.1
1297 45 2.0
2119 3 5.0
1157 5 5.0
323 100 3.5
1864 104 3.1
643 43 4.0
885 3 1.6
1042 7 5.0
570 26 2.1
762 11 5.0
1590 3 4.0
1695 8 4.1
1150 5 4.0
1158 25 5.0
37 8 3.1
191 168 3.5
822 35 4.1
1915 43 2.1
92 116 2.0
1891 27 5.0
330 6 3.0
1968 45 4.0
1543 662 3.5
684 1 4.0
926 7 4.1
1621 26 4.1
1691 26 5.0
2010 3 4.6
1231 84 4.0
1430 6 1.0
1548 84 3.0
1436 7 3.0
1178 20 4.1
838 10 3.1
1445 7 4.5
978 1 3.5
876 45 5.0
1493 128 4.1
145 1 5.1
194 777 4.0
1523 26 4.0
1900 26 4.5
194 5 3.1
788 1233 3.0
2267 49 4.0
357 69 1.1
1912 1 3.5
2081 5 4.1
465 44 4.0
1489 1 4.0
1567 74 4.0
364 7 3.0
1471 25 4.1
2256 128 4.1
2278 1 5.1
455 7 3.5
1519 26 5.0
281 63 1.0
1233 3 3.0
493 26 5.0
1067 43 1.0
1688 803 3.6
1805 84 4.1
1752 26 4.1
1200 1224 3.1
1690 4 3.1
1319 45 2.6
1810 5 2.0
327 1 3.0
560 45 3.0
799 128 4.0
1136 45 5.1
2283 5 4.6
2112 7 5.1
447 100 2.1
611 1224 4.6
1524 11 4.1
11 45 5.1
784 1 4.0
1831 3 3.1
503 128 5.0
958 23 2.0
1245 155 0.6
1236 990 4.0
368 3 5.1
1101 45 3.1
604 45 5.0
514 7 5.0
1524 7 3.1
1671 7 2.0
1889 6 3.1
619 2 3.1
750 84 3.0
1792 7 5.0
1115 7 2.5
1731 27 4.1
2276 95 5.0
1567 13 4.1
1722 45 3.0
493 25 4.1
1474 8 4.0
2293 72 4.1
1860 65 5.0
754 84 2.5
127 45 3.1
1764 1 5.1
231 9 4.1
942 61 3.1
1688 43 3.0
691 17 3.0
611 84 5.0
1431 61 4.0
1809 7 3.0
2232 81 3.1
2178 27 5.0
1505 27 4.0
1357 588 3.0
412 131 4.0
440 1 3.1
2089 26 3.1
1131 45 5.1
425 43 4.1
1951 128 5.0
1324 1 3.6
468 75 1.1
2046 31 1.1
893 9 3.1
984 42 2.0
1440 2 4.1
1715 26 2.1
1245 34 4.5
168 35 4.1
2037 63 4.1
458 84 2.6
2261 8 3.1
1460 8 3.0
650 45 3.1
1346 26 4.6
1225 24 2.1
194 803 3.6
1381 169 3.5
1622 8 5.0
731 29 3.0
2037 3 4.0
1178 27 4.1
1737 116 2.0
2115 66 4.1
1853 45 5.1
2004 4 2.1
767 45 3.1
1648 3 3.1
1262 40 5.0
518 84 1.0
2045 25 4.6
305 7 4.1
1386 181 4.6
1302 18 3.1
1696 128 4.5
1968 26 3.1
1316 6 5.0
1236 120 3.5
1318 5 4.0
380 43 4.0
1299 1 5.1
650 131 2.5
1252 69 3.1
1918 20 3.0
231 4 4.1
904 44 4.5
1586 1 4.1
693 7 5.1
1236 20 4.1
935 7 3.0
1089 25 3.1
523 1 3.0
1379 13 2.1
1427 45 2.0
532 1 4.1
1359 20 5.1
465 25 3.1
1384 1 4.0
1436 6 5.0
60 46 1.1
1905 132 3.1
92 6 4.0
2126 22 3.6
168 17 3.1
1419 7 5.0
175 7 4.1
1821 7 5.1
1724 23 4.1
611 65 3.0
1159 23 3.1
169 58 4.6
875 45 4.1
2127 1 5.1
2265 104 1.1
813 155 3.6
1142 155 3.0
2053 128 3.6
1702 162 3.6
323 68 3.5
435 27 4.0
1335 5 5.0
2042 45 4.1
750 86 3.1
1634 3 2.1
899 80 3.1
1060 20 3.1
1461 29 3.0
1938 45 4.1
612 7 1.1
430 1 5.1
1178 49 4.0
1426 1 4.1
2091 5 4.1
1346 1 4.5
970 68 4.0
1510 35 5.0
2278 26 5.1
696 26 4.0
147 45 3.1
2234 41 4.0
400 84 3.6
834 26 4.1
244 61 4.0
1641 20 3.1
1617 1 5.0
1674 1 5.1
1090 26 4.1
736 1 5.0
329 43 4.0
231 12 3.1
749 41 4.1
523 1272 3.0
1864 83 3.0
742 45 3.0
1605 3 4.1
1470 1 4.0
1433 108 2.0
14 116 1.0
891 20 4.0
610 11 3.0
1775 61 3.1
1140 1105 3.0
667 3 2.1
231 1 5.0
1252 65 4.1
247 8 3.1
658 95 4.1
60 166 3.0
292 65 5.1
1771 43 4.0
935 13 1.0
2234 117 5.1
664 63 1.1
2142 27 4.0
1245 909 4.0
2258 42 2.0
2218 8 4.1
565 155 3.0
2072 3 5.0
1386 803 4.5
951 35 3.1
773 155 5.1
1039 156 4.0
2145 3 4.1
233 7 3.0
187 7 5.0
1523 45 3.0
329 45 5.1
1267 5 3.1
1897 17 3.1
2167 7 4.1
1654 26 5.1
1295 22 5.1
1462 990 3.5
1382 3 1.0
2200 60 4.1
1805 178 4.0
2041 1 4.1
274 7 3.1
1757 64 5.1
671 8 3.1
1597 131 3.1
260 84 4.6
600 7 2.5
912 4 4.0
1647 41 4.0
1897 6 4.0
2170 26 5.1
972 8 4.1
1225 5 5.1
1567 69 2.1
414 689 3.1
18 84 3.1
1785 80 4.0
433 35 4.0
91 45 5.1
165 7 3.1
909 1 3.1
1298 76 1.0
1494 61 4.1
1970 116 1.1
1273 35 3.5
1695 7 3.0
1374 41 3.0
175 3 4.0
750 73 1.0
260 45 4.0
323 139 3.0
1536 1 5.0
1609 41 4.0
1118 36 1.0
2131 45 5.1
654 45 5.1
899 45 3.1
1352 1 4.0
514 6 4.0
1695 1 4.1
2200 31 2.0
1724 26 4.0
1488 17 3.1
1528 25 5.0
2114 166 3.6
1275 4 2.1
2052 11 3.1
899 58 3.5
1565 128 4.6
156 1 5.1
1833 31 4.0
1523 1224 2.5
1719 1272 5.0
2283 8 4.1
2101 3 2.0
586 185 2.1
241 84 3.5
406 20 4.1
422 128 4.1
2301 34 2.0
1965 45 4.5
1649 155 4.0
1543 27 4.6
463 43 3.1
817 7 4.1
1849 26 5.0
935 81 4.1
1647 5 4.5
1867 45 4.0
1048 5 1.0
1860 7 3.1
11 26 5.1
71 7 3.0
433 45 2.1
1142 128 3.1
98 128 4.6
1722 32 2.5
1300 5 4.0
1052 17 4.1
1236 131 4.0
78 113 3.0
587 7 3.1
598 1 3.1
2200 11 2.0
637 155 2.5
1106 3 3.0
1073 128 4.5
1983 7 3.6
1523 11 3.0
615 24 1.0
1239 7 2.0
2139 61 2.1
517 43 2.0
1665 26 4.1
494 5 4.1
690 26 5.0
445 30 3.1
21 77 3.1
2017 45 3.6
891 8 4.1
2262 17 4.1
1456 61 4.0
1183 93 4.0
1022 803 4.0
1949 7 5.0
1236 84 4.1
190 146 3.1
2114 58 3.6
1022 45 3.5
403 6 3.1
2279 3 5.0
1335 87 2.0
1737 7 3.1
2190 17 3.0
1702 46 4.1
1915 990 3.5
1319 1272 3.5
1860 22 5.1
834 61 3.1
1225 44 5.1
149 1 4.5
2001 8 4.0
1860 69 3.6
2142 43 2.1
1379 16 4.1
1426 45 3.5
1805 23 1.1
1466 1 5.1
2142 3 4.1
2049 7 5.1
1544 35 4.0
60 168 3.1
2037 8 2.0
1860 134 3.6
1241 35 3.1
1220 3 3.1
241 5 2.1
1544 45 4.1
1267 43 3.0
389 7 3.1
1592 143 4.1
1007 1 3.1
1530 26 5.0
147 20 4.0
942 1176 2.5
43 11 3.1
2173 96 0.6
16 39 4.1
1012 116 5.0
838 7 1.1
538 37 0.5
1350 1 4.1
84 26 4.1
1832 44 5.1
910 3 3.6
1178 836 5.1
433 26 4.1
2208 26 4.5
1209 3 4.1
288 7 4.1
1864 777 3.6
1599 1 5.0
1753 3 4.1
822 990 4.1
1167 7 5.1
215 26 4.1
2234 114 4.1
190 45 3.1
726 31 4.1
1401 6 3.1
323 135 2.1
1441 6 3.1
1340 836 4.6
1656 565 3.0
541 836 4.1
1853 43 4.1
993 153 2.5
590 146 3.1
615 42 3.1
151 1 3.0
947 35 4.0
1245 777 2.0
428 7 3.0
2142 34 4.1
1534 1 1.5
369 1 1.0
1225 17 3.0
1338 129 2.5
1741 6 3.0
1862 84 4.1
2016 58 4.6
1915 84 3.0
1923 45 2.1
1950 128 5.1
1017 84 3.5
1195 6 3.1
1805 8 3.5
1431 170 4.0
1054 26 2.5
822 3 3.6
75 8 4.0
2301 146 3.6
1523 35 3.5
509 25 3.1
604 3 4.0
1061 162 4.1
1523 25 4.0
2013 45 5.1
662 3 3.6
714 178 3.1
1431 35 4.0
1455 27 4.0
1689 5 5.1
1178 117 4.0
1252 6 3.1
339 74 4.1
1749 84 4.1
240 3 3.5
1178 3 4.0
1042 39 4.0
245 72 5.0
2070 1148 4.1
1481 35 3.6
1022 2 4.0
921 17 4.1
1534 143 5.1
686 75 1.0
687 8 4.0
1115 84 2.0
989 1 5.0
485 1 3.1
1755 146 4.0
892 6 3.0
1160 35 5.1
1449 23 4.1
611 4 5.1
904 49 5.0
1769 45 5.0
175 45 4.0
2045 128 4.6
1049 26 5.1
2262 131 3.1
1445 84 5.1
87 1 3.1
162 7 3.0
2103 6 4.1
2148 26 3.6
42 803 4.5
825 1 4.1
1440 4 2.0
1970 131 2.6
1755 26 4.6
1026 42 5.0
791 8 4.0
671 9 3.0
970 26 4.0
1215 836 4.6
1430 61 4.1
1864 191 0.6
494 6 4.1
84 45 3.1
1615 8 3.0
1156 7 4.1
958 26 3.0
1931 43 4.0
1493 131 2.6
518 42 1.5
42 46 3.1
834 47 4.1
332 1 2.1
2276 26 4.1
1262 45 4.0
1395 1 4.0
749 95 4.0
1143 1224 3.6
80 84 3.5
1960 75 3.0
1892 25 4.0
1195 5 4.0
1734 5 4.1
1220 84 4.5
864 1 3.0
1645 26 4.5
1252 4 4.1
1543 139 4.0
473 66 4.1
1696 80 1.6
1863 100 4.0
1570 7 2.5
1267 26 5.0
832 1 4.5
893 143 3.6
2059 1 5.1
1431 1105 4.5
1252 35 3.0
1002 1 5.1
1894 7 4.1
149 166 5.1
940 5 4.1
2168 8 3.5
1071 45 1.0
1089 39 2.0
1934 181 3.1
940 6 3.1
1381 1 2.5
362 1 5.0
1582 1091 3.0
1615 6 5.1
2005 68 4.0
2030 61 4.0
126 25 3.0
171 25 4.0
1111 43 4.0
684 26 3.0
343 128 4.0
939 25 4.0
524 26 4.6
67 1 5.0
1344 1 3.1
822 129 3.0
1481 803 3.0
1827 9 4.1
75 58 4.1
1597 26 4.6
1501 13 3.1
1612 909 4.5
1662 1 5.1
335 803 3.6
1781 7 0.6
241 29 1.5
1956 1 4.5
1737 13 3.0
980 1 5.1
474 3 5.0
1567 17 4.1
554 7 5.1
1766 7 3.1
816 3 5.0
1284 45 2.5
1758 45 3.0
1348 73 1.0
377 3 4.1
1696 43 4.0
1592 43 3.0
687 66 5.0
2211 1 5.1
231 13 2.0
1737 9 3.0
1723 41 5.0
1910 43 2.1
947 31 3.0
2098 1 5.1
2173 777 2.5
1847 5 3.0
1926 7 4.1
999 1 4.0
1310 84 4.0
1864 894 1.0
618 58 4.1
1874 26 4.1
1453 3 4.0
1603 1 5.0
1181 27 4.0
1890 7 4.0
1976 2 5.0
2126 1 4.1
968 1 5.0
2162 3 3.5
478 8 3.1
1973 128 3.0
132 35 3.1
1523 1 4.0
827 45 4.1
1656 35 4.1
1717 35 5.1
1310 43 3.0
1445 73 1.1
194 7 4.6
2234 7 2.1
566 25 3.0
218 25 4.0
1798 15 4.1
132 100 1.6
702 35 4.6
687 20 5.0
37 5 5.1
465 49 4.1
60 803 3.5
195 1 4.1
487 1 4.0
1501 7 4.1
355 19 1.0
1810 31 2.1
231 45 5.0
2010 45 4.1
1655 65 2.0
82 131 3.0
714 45 5.0
2239 1 4.0
1232 1 3.1
2031 42 2.1
1970 45 3.1
388 26 4.1
1515 5 4.6
99 1 5.1
88 990 3.6
1335 49 4.0
468 23 5.1
1019 25 3.1
1891 5 4.0
1906 1 0.6
231 61 5.1
1846 26 3.0
92 43 4.0
1894 45 4.0
861 1 3.1
402 1 4.0
1788 26 3.1
1942 42 3.1
1291 43 5.0
1027 45 4.0
1865 116 3.5
1042 61 5.1
788 1105 3.5
1830 1 4.1
691 11 2.1
856 74 3.0
2267 26 4.6
1737 84 4.1
1928 25 4.1
1810 6 3.0
1659 84 4.0
993 7 3.5
194 35 3.6
42 990 3.5
91 39 2.0
2052 166 3.6
170 43 4.5
1890 79 4.1
168 11 3.0
495 26 3.0
1523 84 3.0
127 1 4.1
1372 84 3.0
1730 100 5.1
570 104 4.0
854 131 1.0
2190 127 2.1
255 11 5.0
1274 1 3.0
899 104 3.5
2180 20 3.0
1317 83 3.0
799 26 3.6
940 45 1.0
340 6 3.1
581 1 3.1
1574 1 4.1
537 1 5.1
1310 1 4.1
191 20 4.1
908 68 4.6
1052 27 4.1
1826 5 3.0
542 7 3.0
1382 8 3.1
1674 75 4.0
1409 35 3.6
1412 8 2.1
1874 11 5.1
1865 127 3.0
575 7 4.1
2217 3 4.1
942 1367 2.6
1225 27 5.1
788 777 4.0
59 7 5.1
1236 80 4.1
1069 149 3.1
2030 91 3.1
1857 45 4.1
653 5 2.6
92 7 3.1
1116 11 3.1
1232 45 2.0
263 26 4.0
1752 23 4.1
1597 24 4.0
834 66 3.0
1606 4 3.1
1463 1 5.1
1382 6 2.1
15 803 4.0
1317 45 5.1
686 25 5.1
1973 1 4.1
435 26 3.1
92 45 3.6
935 5 2.0
1858 23 3.1
1160 49 1.0
1647 20 3.5
1459 1 5.0
1956 84 4.1
1829 1148 5.1
2200 25 4.1
332 69 3.0
552 17 1.0
868 7 3.0
14 45 4.1
1390 35 3.0
871 19 3.0
1259 55 4.0
323 81 3.6
609 1 3.1
1515 990 3.5
2278 35 4.1
2267 1 4.1
1755 84 3.5
1108 45 4.0
2126 6 3.5
188 35 5.1
1523 39 2.5
1548 80 2.1
1332 8 3.1
1289 5 4.1
1530 41 4.0
781 128 4.0
1536 5 4.0
1481 1224 2.5
1527 139 4.6
1769 6 3.6
2303 3 4.1
1338 45 4.1
2111 5 4.1
1241 45 4.0
1499 1 3.6
60 143 3.0
2071 1 5.0
1239 26 4.1
1379 6 4.0
1399 1 5.1
1810 60 2.0
2037 23 4.1
1181 127 3.0
449 1 4.0
1060 25 5.1
470 25 4.1
1703 26 4.0
1090 1227 4.6
1688 5 4.6
1717 45 3.0
1945 1 4.0
332 45 4.0
935 76 2.0
231 31 3.0
984 75 4.0
65 3 4.0
1986 7 3.0
2108 26 4.6
296 27 4.1
1038 46 4.5
9 74 4.0
1616 3 4.0
586 3 0.6
1864 11 3.0
2221 131 3.0
1956 42 3.1
1951 37 0.5
1593 155 2.5
1279 45 1.6
106 7 3.1
517 41 5.1
1649 191 1.6
458 45 2.5
877 26 4.1
1653 1 5.0
429 26 4.1
1056 26 4.1
1430 39 2.0
1185 84 3.1
91 17 1.1
1827 8 3.0
822 128 5.0
60 112 2.1
180 35 1.0
1653 777 2.1
861 7 2.0
1757 84 0.5
1760 22 5.1
1734 20 4.1
893 80 3.1
601 5 4.1
241 131 1.0
687 26 5.1
618 128 5.0
1755 74 4.0
2069 3 4.0
612 61 3.0
714 37 2.5
1950 17 0.6
1956 5 4.5
1034 1 5.1
246 6 4.0
2135 45 4.6
1824 84 2.6
2205 26 2.5
2133 7 3.0
2209 26 4.6
18 95 4.0
355 43 2.1
619 3 4.0
2209 191 1.5
805 1 3.0
1106 7 3.1
280 31 3.1
1912 990 1.0
2069 5 1.0
1236 42 3.0
2028 1148 4.6
931 2 3.1
1864 35 3.0
825 23 3.1
1196 25 4.1
380 80 4.0
30 1 4.1
1232 20 4.1
2278 49 1.0
298 1 3.6
1033 1 5.0
132 45 4.0
691 26 3.0
468 11 4.0
1158 45 3.1
958 7 4.0
573 5 4.0
175 83 3.1
2013 5 4.0
1481 26 4.0
296 6 3.0
706 20 4.0
1763 84 3.1
361 1 3.0
956 45 4.0
1894 69 3.0
1688 42 3.0
1017 3 3.6
2052 131 3.1
1215 26 5.1
1644 41 5.0
1203 41 4.1
493 61 3.0
1860 4 4.5
1792 43 5.1
1432 1 5.1
1647 25 4.6
1549 5 3.1
18 8 3.1
1820 43 3.0
1177 84 3.1
714 687 3.0
2192 22 5.1
618 26 5.1
859 3 3.0
277 8 5.1
1688 7 3.6
2116 1 4.6
112 1 4.5
167 1 2.5
554 3 4.0
1450 68 4.0
888 8 3.1
757 7 2.0
2102 1 4.1
1178 550 4.5
958 35 4.1
2261 7 4.0
1323 23 5.1
750 5 5.1
1736 39 3.0
113 72 4.1
854 20 2.5
373 1 4.6
1379 3 4.1
590 1224 2.5
1757 69 3.5
629 1105 3.5
1387 84 3.5
801 84 3.6
380 61 3.0
829 23 4.1
1890 84 4.0
813 84 3.0
850 27 4.6
945 131 2.0
1960 41 3.1
1052 43 2.5
899 66 4.1
603 135 5.0
45 127 0.6
2080 35 4.1
788 1272 3.0
2267 169 3.5
1310 66 5.1
2013 72 5.1
968 39 2.1
317 7 3.1
1848 8 3.1
2173 45 3.6
543 80 2.0
1026 43 1.1
1634 5 2.0
1792 26 3.0
435 45 4.1
2176 28 4.0
1847 7 2.1
193 84 2.5
1320 43 2.1
1236 69 3.6
592 86 4.6
241 35 3.0
1265 2 4.0
1649 131 2.5
1864 990 3.5
1993 45 3.0
1497 84 4.5
2187 17 3.0
2053 45 4.0
1446 7 3.0
1991 26 4.0
163 1 4.0
168 31 3.1
1567 7 4.0
1688 25 4.6
168 84 3.1
2163 84 4.1
1246 1 4.0
1108 35 4.0
1350 84 2.1
1567 43 4.0
1728 5 3.0
2178 5 3.0
2052 27 4.1
603 84 5.0
1880 7 5.0
366 845 2.0
2200 35 4.0
2013 64 4.1
195 26 3.1
260 34 4.0
80 1 4.0
473 26 3.0
722 1227 4.0
728 181 4.6
1189 1 3.0
1689 131 2.6
1516 45 4.1
10 23 5.0
1656 191 3.5
984 80 5.0
42 44 5.1
795 25 4.5
97 3 4.0
2133 23 4.1
2275 1 3.1
1278 3 3.1
42 128 4.6
802 29 4.1
260 20 5.0
2039 11 4.1
575 3 3.0
1371 45 3.6
2052 72 3.0
2232 17 3.0
850 84 3.6
1336 42 4.1
1382 35 3.1
1178 150 3.5
1140 43 2.5
708 27 4.0
1950 1272 2.6
1160 69 2.0
990 5 4.0
175 75 5.0
525 3 3.1
750 69 1.1
455 4 3.5
35 139 5.1
1185 45 3.6
750 44 4.0
146 26 4.6
601 58 3.0
553 35 3.1
2236 5 3.1
596 109 3.1
1734 25 4.1
136 45 5.0
1264 1 4.1
2291 35 3.0
1319 1224 3.5
324 26 4.0
2251 17 3.1
1108 1 3.5
1379 7 4.1
1970 128 3.5
1054 84 4.5
1846 8 3.1
1746 84 3.6
1641 3 5.1
1521 45 5.1
2173 5 2.6
611 63 5.1
912 3 3.0
2139 35 5.0
92 127 2.6
1388 5 4.0
587 34 3.0
935 24 2.1
465 42 2.1
859 84 3.6
205 66 4.1
1735 1 5.1
1523 76 0.5
1189 7 3.0
388 45 3.0
389 45 3.0
1054 131 3.6
218 1009 4.5
1293 6 3.5
1083 1 4.5
233 8 3.0
1413 45 3.6
404 26 3.6
359 7 4.1
1324 128 3.0
1347 26 4.0
1158 5 2.0
1853 7 5.0
1737 80 3.0
1687 128 5.1
1703 1 4.1
982 7 4.0
2125 7 4.1
1760 32 4.0
1372 5 4.5
2091 27 4.0
1431 26 5.1
1537 5 2.1
820 5 4.1
2232 43 3.1
2234 139 3.5
1597 7 4.0
2278 17 4.0
2137 5 3.6
1193 27 4.0
68 84 4.0
1205 17 3.1
2139 26 5.0
500 7 3.0
814 6 3.1
1430 12 3.0
218 7 2.6
2277 6 3.0
317 116 1.0
586 186 1.0
1688 1 4.6
1851 128 5.1
1548 49 4.1
2190 131 3.1
2083 146 3.6
1906 84 2.1
1324 26 3.0
2044 43 4.5
66 5 4.0
142 1 5.0
1239 45 4.1
256 35 4.1
2173 178 4.0
1136 35 4.6
552 84 3.0
218 894 3.5
1252 13 1.0
38 7 5.1
455 15 3.6
140 31 3.0
1252 25 4.0
1346 45 3.0
881 45 1.0
1864 1009 3.1
76 1 4.6
2034 43 5.1
986 3 2.1
1178 162 4.1
918 665 3.6
1400 6 3.1
282 6 4.1
1890 44 5.1
456 7 5.1
1510 1 5.0
1291 7 4.1
1252 81 4.0
2186 8 3.0
2301 22 4.1
2152 27 5.0
2200 42 3.0
1560 17 4.0
1114 49 4.0
2045 5 4.1
518 43 4.0
728 102 3.1
721 8 3.1
1957 43 2.0
1221 1 5.0
997 7 3.0
1523 43 2.6
834 45 2.1
2111 1 4.1
2262 84 4.1
1602 1 5.0
942 112 2.0
1950 25 3.5
1647 155 1.0
276 45 4.1
2104 45 2.6
526 6 1.0
1090 45 3.6
1353 5 4.1
37 13 3.1
2058 35 3.6
1151 58 4.1
1530 8 2.0
35 84 4.1
278 27 4.0
1990 20 5.0
1523 147 2.6
1775 26 5.0
1860 72 4.6
1685 191 3.5
92 11 3.5
648 27 5.1
1049 25 4.0
1264 1009 3.6
1007 6 5.0
241 3 1.6
926 3 4.1
1359 6 4.0
1591 1 3.1
1734 45 3.1
1374 44 3.0
1736 9 3.0
1143 35 3.6
1294 1 3.0
2016 1 5.0
388 131 1.6
464 60 5.1
1800 836 5.0
464 44 5.0
77 1 3.1
1385 26 5.0
1357 136 2.5
1915 131 1.5
1742 5 4.1
1860 62 2.5
1597 25 5.0
1231 35 5.0
1864 65 2.0
876 1 4.0
1576 25 1.0
1089 7 3.0
191 185 3.5
18 26 4.0
1770 45 4.1
1439 1 3.0
1194 84 4.0
722 1 4.1
2126 39 4.6
2062 7 4.0
373 128 4.6
478 11 3.0
1688 26 4.0
776 1 4.6
244 1 4.1
2148 1 4.5
15 84 4.1
42 25 5.0
438 175 4.6
56 3 4.1
586 129 3.5
1471 1 3.5
767 72 3.1
1950 1063 3.5
1465 6 3.0
947 95 5.1
144 6 3.0
570 108 2.1
1691 125 4.1
1544 40 3.1
1523 37 0.5
2142 9 4.1
1872 1 4.0
2215 5 4.0
2200 26 5.0
1294 45 4.0
2209 990 3.0
806 7 5.0
1445 134 4.0
412 1 4.6
1409 1227 3.0
1758 69 3.1
1515 45 3.6
1737 131 3.1
2042 27 4.1
824 15 2.0
1445 1 5.1
298 25 4.6
43 9 3.0
543 1 4.0
1607 5 4.0
256 39 4.0
828 26 4.1
343 803 4.0
1760 20 3.1
168 7 2.1
1875 26 2.0
1534 131 0.6
641 1 4.0
917 6 3.6
1523 155 3.0
899 128 3.5
877 836 4.1
265 84 5.0
1212 1 4.0
1298 61 5.0
458 35 3.1
78 84 3.0
1523 17 3.0
792 13 3.6
2126 35 4.6
109 3 4.0
1231 178 4.0
919 5 4.0
465 26 3.0
905 76 2.0
241 83 0.6
1168 127 1.0
1860 836 3.5
1159 1 3.1
2282 129 3.6
1892 22 5.0
2033 7 3.0
205 61 5.0
1054 777 4.5
1319 128 3.5
1689 6 3.0
569 45 2.1
493 2 4.0
451 39 2.1
36 25 5.0
376 8 3.1
1059 1 5.1
1864 49 3.1
605 95 4.0
1567 45 4.1
75 139 2.6
1277 5 3.1
919 26 5.1
1118 13 3.0
899 1009 4.0
38 131 2.6
1442 37 1.1
220 3 3.0
296 35 2.6
2019 3 4.0
1442 39 4.1
1894 46 1.0
997 8 3.1
813 836 3.6
2035 8 4.0
1456 27 3.1
1655 26 4.0
93 35 4.0
1435 43 3.6
60 7 3.1
2259 35 3.0
738 83 4.0
908 1 4.1
861 8 3.1
801 143 3.1
1253 1148 3.0
2139 1 5.1
2174 26 5.1
1462 131 3.6
2276 7 3.0
579 23 5.1
287 1 5.1
1794 26 4.0
92 131 2.1
958 5 5.0
1864 26 3.1
253 3 5.0
2176 20 1.1
1576 169 3.0
343 836 4.0
107 11 4.0
463 84 4.6
682 1 4.0
750 58 5.0
1331 1 4.1
2232 45 3.0
1746 35 3.1
733 45 4.6
569 84 2.1
1093 27 3.0
1295 8 3.1
343 3 4.0
241 45 1.5
2234 45 5.0
2028 128 5.1
643 7 3.0
1276 1063 4.0
278 25 5.1
668 68 5.1
1771 7 3.5
260 7 3.1
2052 84 3.6
2041 43 4.1
213 45 2.0
2200 49 4.1
1371 132 2.0
562 1 5.0
2030 7 1.1
1827 43 3.0
845 35 3.1
1252 22 4.0
2190 143 4.0
670 26 1.1
2236 11 1.0
218 128 3.0
1944 26 3.6
603 162 5.1
824 45 3.0
1774 128 5.1
1168 3 3.1
406 26 3.0
736 3 5.0
813 100 3.0
296 178 2.6
1944 8 3.5
206 17 4.0
1858 25 4.0
1275 7 5.0
1008 1 3.0
91 43 3.0
52 1195 2.5
1013 5 3.0
978 803 4.0
132 1 3.1
1902 128 4.5
359 42 0.6
241 44 2.5
1939 84 4.6
1805 803 3.5
43 17 3.1
1928 3 2.1
1317 155 3.1
21 68 4.1
380 555 4.5
543 72 2.0
152 2 4.1
317 803 4.0
648 5 4.0
2087 13 2.5
144 1 4.0
2161 1 4.0
679 181 5.0
43 39 2.0
445 1 4.0
493 43 5.0
484 8 4.1
685 87 3.6
319 1272 2.0
171 7 3.0
1710 45 4.1
1956 43 3.1
1538 5 3.1
1855 91 3.0
1042 17 4.0
822 26 5.1
888 7 2.0
1523 131 2.0
1772 5 4.1
1712 8 4.0
1199 59 2.0
1688 990 3.0
1752 9 3.0
92 15 3.6
1441 7 3.1
414 6 5.1
196 84 4.0
353 894 0.5
2152 35 4.1
1371 7 4.1
91 42 3.0
940 69 3.1
433 1 5.1
1592 3 1.6
1431 69 3.0
1472 26 4.0
1118 61 2.0
1236 25 4.5
2174 27 3.0
2264 45 4.6
2030 131 4.1
2232 7 4.1
2262 31 2.6
1454 1 4.0
538 170 3.0
1236 7 3.1
468 1 3.1
1597 35 3.6
355 39 3.0
672 20 4.6
1659 26 4.6
2232 42 4.0
1266 58 4.5
696 45 4.5
543 53 1.0
1949 6 3.1
2037 45 4.0
16 17 4.0
60 149 3.6
1864 51 3.1
1951 803 5.1
319 26 4.5
1026 35 4.1
1394 5 4.5
1357 665 3.6
317 35 4.0
62 49 5.1
293 1 3.1
984 7 5.0
1700 803 4.1
687 9 3.0
1245 7 0.6
750 11 3.0
984 23 4.0
904 43 3.1
42 17 4.0
1864 34 3.1
1178 75 3.1
1317 8 3.1
962 26 5.1
1495 7 4.1
799 1 5.1
380 45 3.1
1966 7 4.0
1358 128 4.5
2032 6 4.6
1431 990 4.6
1757 31 2.5
92 84 3.0
1315 84 3.0
1348 20 4.6
1879 7 3.0
1252 45 4.1
2001 3 4.0
2032 45 4.1
1069 181 4.5
1357 45 3.1
422 1227 3.5
1264 69 1.0
422 84 3.6
1051 45 4.1
998 45 3.1
2004 1 5.0
877 128 5.0
1544 5 3.1
60 1224 3.0
194 1 5.0
2104 990 1.0
1314 68 3.5
750 9 3.0
1497 128 5.0
778 3 5.0
2200 111 1.1
1567 75 3.0
2168 3 3.0
714 845 2.6
674 1 5.0
1868 84 4.0
1656 131 3.6
1523 31 3.0
251 3 5.1
1430 23 3.0
2133 11 3.1
2108 1 5.0
340 4 3.0
608 1 3.0
1225 79 5.1
1357 24 3.1
2168 84 3.1
1651 7 3.1
691 20 3.0
762 35 5.1
1425 7 3.1
1800 1 2.5
920 23 4.1
748 20 1.1
776 26 5.1
571 84 4.0
1523 803 3.1
353 1 5.1
570 93 3.1
92 128 4.1
761 5 4.1
604 26 4.6
1100 803 3.6
1545 7 3.0
1346 803 3.5
493 49 5.0
2006 63 3.0
1564 1 4.0
465 45 4.1
1681 42 1.0
2232 73 3.1
317 39 2.5
2233 21 3.1
1323 8 3.0
1324 5 4.1
856 68 5.1
2108 84 5.0
1515 1 4.6
278 44 5.0
1090 42 4.0
788 1227 3.6
1565 25 5.0
1608 6 4.6
478 3 2.1
1324 155 3.6
650 1 5.1
383 1 4.5
1157 7 3.1
1879 46 2.0
1357 82 2.6
1031 45 4.1
1347 27 4.0
1992 17 5.0
1931 45 4.1
1568 7 4.1
1737 26 4.0
728 18 4.6
1644 49 4.1
1565 26 4.6
2045 43 3.6
1108 7 4.6
1860 181 4.6
623 45 4.6
2293 44 3.0
1481 131 1.0
779 6 4.1
1647 149 3.0
734 45 4.1
570 128 5.1
1860 5 4.1
1274 7 3.0
88 1 5.0
1459 25 3.1
1771 45 4.0
592 69 2.1
362 7 4.1
799 84 3.6
1287 84 4.1
1950 84 1.1
587 26 5.0
707 7 5.1
250 1 3.1
1655 5 4.0
1026 8 2.0
92 25 5.1
1846 24 3.1
958 25 3.0
1703 45 3.5
458 8 2.5
2010 990 3.6
893 26 4.0
1161 84 3.1
1338 26 4.6
1284 128 4.5
217 84 4.0
541 26 4.0
289 42 3.1
507 6 3.0
935 3 2.0
2230 122 0.6
458 26 3.5
1717 26 4.0
900 128 4.6
1664 61 3.0
1613 7 3.0
1026 69 1.1
433 84 3.6
1860 77 2.5
771 155 4.0
1810 41 3.1
53 45 4.0
442 45 4.0
1026 66 3.1
1319 43 3.0
924 26 1.1
2215 84 3.6
999 22 3.1
1548 19 4.1
2091 164 4.5
220 8 3.0
487 43 3.1
1455 77 3.1
749 803 4.0
1731 5 5.0
1295 5 5.1
1409 26 5.1
2070 26 4.5
1860 1227 5.1
1805 43 2.6
1047 45 5.1
1069 43 2.1
381 5 3.0
658 1 4.0
1827 61 4.0
1238 26 3.1
893 11 3.1
1382 30 1.1
1948 3 5.1
2052 68 3.5
1090 84 3.5
218 104 4.6
389 5 4.0
803 1 4.0
2211 2 4.0
1401 7 2.0
712 550 5.1
1890 23 4.0
1037 8 3.0
226 43 1.0
493 17 5.1
1552 7 5.0
428 9 4.0
311 1227 4.1
157 136 3.0
227 6 5.1
1452 116 2.6
625 1 5.0
1647 836 3.5
1666 1 4.1
2233 2 4.1
904 9 2.0
91 61 2.1
294 43 4.1
1608 8 4.1
2056 5 4.1
1404 8 3.0
1882 1 4.1
2127 20 3.1
493 74 4.1
1835 1 4.1
18 3 3.1
2032 5 1.5
91 7 4.0
1430 49 2.1
92 1 4.1
60 75 3.0
1846 34 4.1
543 83 1.0
1656 26 3.6
1742 6 5.1
296 7 3.5
1970 42 3.0
2028 35 4.5
1435 191 2.0
1232 26 2.1
132 84 3.1
1956 26 4.0
2180 43 3.0
601 27 4.0
1382 5 5.1
510 4 1.1
1770 20 4.1
1310 45 4.0
1610 6 3.1
1864 63 3.1
1588 84 4.0
296 8 4.0
942 6 0.5
1089 45 2.1
246 8 3.0
252 7 4.0
1228 21 4.0
187 5 5.0
1758 11 3.0
355 26 4.1
649 3 3.0
1100 178 4.6
1949 3 3.1
83 42 1.1
495 3 3.0
2173 1258 4.1
971 18 4.0
1858 5 4.0
461 128 2.6
1196 45 4.1
2133 30 3.0
1737 127 3.1
1143 1105 4.6
1194 43 2.6
928 26 4.0
1042 27 5.1
612 45 2.1
721 6 3.1
590 35 5.0
1850 1148 5.0
1441 3 3.1
998 27 4.6
1566 35 3.0
544 3 3.0
298 43 3.0
1523 2 3.1
609 7 3.0
1682 26 4.1
2133 74 3.0
511 6 4.1
715 6 4.1
1660 18 3.5
1731 3 4.0
157 100 3.6
1717 11 3.0
553 17 4.1
1252 17 4.0
1319 803 2.6
241 46 1.6
551 23 5.1
1647 43 1.6
928 23 4.1
2142 23 5.1
194 3 4.6
748 25 1.6
1864 555 3.5
600 45 4.1
287 26 4.1
1942 128 4.6
1950 100 2.0
788 990 4.0
2091 25 5.1
2117 5 4.0
1401 5 3.1
2114 43 4.6
158 100 0.5
714 46 3.0
1214 155 4.1
657 26 1.1
1324 25 4.1
2275 26 4.6
554 11 4.0
1236 5 4.5
1303 5 3.1
766 990 2.1
4 45 3.6
2167 43 5.1
940 23 4.1
403 5 4.1
573 43 1.0
1435 26 3.6
1771 46 1.6
60 2 3.0
10 49 3.1
587 45 3.0
1681 58 3.1
1279 7 1.1
958 27 5.0
762 7 3.1
1540 49 5.1
1221 6 5.0
194 84 2.0
1970 1224 3.5
1284 84 3.1
871 7 4.0
222 29 3.0
1140 26 4.6
1234 84 0.6
650 26 5.1
1066 17 4.0
157 7 3.0
169 169 5.1
1316 7 4.1
323 120 0.6
524 181 3.6
950 5 4.0
222 27 5.1
455 17 4.1
2232 11 3.1
2030 45 3.1
1565 58 4.5
912 25 4.1
1160 30 5.1
339 45 5.1
1178 128 4.5
1163 3 5.1
1538 7 3.1
965 7 4.0
323 181 0.6
1575 42 4.1
75 27 3.5
1913 5 5.0
1864 3 2.5
1181 144 4.1
60 11 2.0
2100 5 4.1
560 35 3.5
469 1 5.1
707 1 3.0
1421 23 5.0
1026 22 3.0
152 1 2.1
2146 22 2.0
579 45 3.1
60 42 3.6
2144 1 1.0
1981 43 4.1
1534 49 4.6
2008 6 3.1
1357 9 3.1
1814 49 5.0
618 1 4.0
667 43 4.0
60 22 3.6
1548 128 4.5
2247 1 4.1
818 100 3.6
1737 45 4.0
231 8 3.1
1853 5 4.0
749 26 3.1
1966 11 4.0
1393 1 3.1
1279 84 2.0
1236 45 4.0
527 23 3.1
667 1 3.5
1610 8 3.0
560 836 3.6
393 6 3.1
942 131 1.1
750 3 3.0
241 1 3.0
1504 155 4.0
1743 1 4.0
14 131 4.1
742 26 5.1
1702 45 5.0
171 39 4.0
1570 104 4.5
1114 5 4.1
1116 5 4.1
557 26 3.1
1431 84 4.0
1364 26 5.1
335 144 4.1
167 84 4.5
915 26 3.6
359 95 4.6
82 45 4.1
1039 803 4.6
1128 8 3.0
2069 7 3.1
35 45 4.6
2173 909 1.6
648 7 4.0
935 26 5.0
231 24 5.0
310 25 4.1
1280 43 4.1
440 26 4.1
984 11 1.1
1391 45 4.1
1312 191 1.1
91 26 2.0
157 1 4.0
506 113 3.5
213 15 3.0
1363 45 3.5
30 8 5.1
83 25 4.1
1921 95 3.0
317 1 4.0
433 34 3.0
1981 45 3.0
2008 7 4.0
1609 72 5.1
2283 42 4.1
1298 25 5.1
1395 35 3.0
2035 7 4.1
194 43 5.1
101 7 4.0
1910 1 4.0
590 63 3.1
2034 45 5.0
400 1 4.1
1827 75 3.0
571 25 5.1
1430 77 1.1
857 6 3.0
2052 35 3.0
42 6 2.5
42 1272 3.1
1668 49 5.1
66 7 3.1
2302 84 3.1
1827 45 3.0
1194 803 4.0
2142 66 5.1
796 1 4.0
1860 166 3.0
2142 68 5.0
353 1227 4.5
233 3 4.1
637 5 5.1
586 17 2.1
2085 5 4.1
221 11 4.1
1647 26 4.5
749 43 2.0
2052 95 4.0
1042 43 5.0
175 43 3.0
1592 45 3.0
2071 45 5.1
256 13 2.0
2142 7 5.0
855 8 3.1
363 1148 5.1
962 51 4.1
523 128 3.1
1346 84 3.6
612 81 2.1
1225 4 4.1
1232 27 2.1
1836 20 5.1
195 84 5.0
610 76 1.0
1572 45 2.6
1608 45 4.5
586 7 5.1
1844 166 5.1
83 26 4.0
1472 8 3.0
60 1 4.0
579 49 5.1
1047 1 5.1
506 3 2.5
43 34 3.0
10 33 4.1
586 181 2.6
2002 7 3.1
1481 128 4.6
753 6 5.1
1159 45 2.0
296 26 4.6
2273 41 5.0
80 35 3.1
405 23 3.0
949 3 5.1
1688 74 3.6
1810 43 3.1
2173 97 2.6
241 2 2.5
1196 131 1.6
429 7 3.6
942 166 2.0
287 35 3.0
1540 68 4.0
1696 6 2.1
2052 41 4.0
1178 109 4.0
2234 43 5.0
1239 3 3.0
1737 2 4.0
92 5 3.5
43 8 2.1
231 34 3.0
2266 5 4.0
380 9 4.1
1236 11 4.0
801 11 3.5
600 25 4.6
175 46 1.1
60 34 3.1
1724 8 3.0
1142 26 4.0
1397 1 3.0
1778 26 4.0
1689 836 2.1
18 173 4.1
2296 37 1.1
1606 6 3.0
281 55 4.0
1160 46 2.1
1931 13 3.1
617 7 3.0
2030 13 2.1
1841 1 4.0
40 35 4.0
2155 26 4.6
1864 5 2.1
1093 25 5.1
2293 27 5.0
899 149 3.6
455 129 3.5
2010 35 5.1
1647 44 4.1
1039 836 3.6
450 8 3.0
1904 1272 5.1
1496 7 3.1
1154 5 4.1
2013 125 3.1
1481 1105 3.0
1357 26 3.5
333 128 4.0
1991 45 3.0
83 45 2.0
611 6 5.0
1791 20 4.1
1689 128 4.1
296 138 2.6
1409 1 3.5
1065 35 5.1
2228 20 2.0
487 35 3.1
2016 803 5.1
1056 5 4.5
2017 100 1.0
953 29 3.1
504 26 5.0
702 128 5.0
1323 49 5.1
256 26 4.1
1357 131 2.0
1627 43 5.1
1089 131 3.1
1760 49 5.0
1729 2 3.6
331 128 5.1
2021 1 5.0
1225 95 4.6
45 74 3.0
1915 26 3.5
2236 65 4.0
123 1 4.1
687 7 4.1
2173 146 3.1
1118 48 1.1
550 143 3.0
2045 45 3.5
665 7 4.1
435 43 4.0
904 79 4.1
213 35 3.0
1440 5 4.1
357 39 3.0
1544 11 4.1
2030 43 4.1
788 128 4.5
1374 49 3.6
1648 13 3.1
1857 43 4.1
1737 69 3.0
1463 35 3.0
1184 26 3.1
1700 128 4.6
1537 7 3.0
1042 9 4.0
60 26 4.0
1821 8 3.0
1043 1 4.0
2300 116 3.6
1715 45 3.6
993 990 4.1
1606 7 3.1
1616 2 3.0
60 35 3.6
2121 3 5.1
2293 66 4.0
1654 128 4.0
2262 8 2.5
183 45 4.0
13 3 3.5
1827 12 1.1
543 55 2.0
1536 7 3.1
529 84 5.1
42 35 2.5
2037 5 4.1
637 128 5.0
602 21 5.1
993 1 4.0
1464 128 4.0
1523 116 0.6
180 84 1.5
1026 81 4.0
2013 3 2.1
1399 8 4.1
1771 909 3.1
665 1 5.1
280 26 4.0
2133 20 4.1
404 91 2.6
838 23 3.0
1272 6 5.1
1225 35 2.0
1257 27 4.0
706 17 3.1
750 50 2.0
1176 6 3.1
1210 6 4.1
924 178 3.5
1940 21 4.0
1555 45 5.0
1131 84 4.1
1864 84 4.1
93 17 5.1
1587 5 4.0
801 76 1.0
2268 1 4.1
357 7 4.1
1252 80 5.1
1548 25 3.1
1027 84 4.1
1523 909 3.5
1879 43 3.1
529 45 5.1
946 1 3.0
42 4 3.6
1544 6 4.0
697 69 3.0
281 29 2.1
1120 1 5.0
1140 665 3.6
600 82 4.6
1200 45 3.1
1689 84 3.6
1357 39 2.5
1335 45 3.1
2015 803 4.1
942 26 5.1
1860 128 4.0
571 1 3.0
1863 1272 2.6
644 8 4.1
370 45 3.5
947 74 4.1
942 155 2.1
328 5 2.1
1359 7 4.0
1597 45 4.6
571 89 5.1
899 836 4.1
355 5 2.1
493 1 5.0
984 45 4.1
1319 7 1.5
587 72 4.1
886 6 3.1
2244 7 1.0
148 8 3.0
1401 1 3.1
2106 1 4.0
2167 35 5.1
612 43 1.0
601 1 4.0
2236 25 1.0
241 11 3.6
241 95 4.1
1391 7 3.0
947 97 2.0
1371 42 2.0
575 6 4.1
1099 7 3.0
506 68 4.1
1363 26 3.5
617 45 1.1
993 836 4.1
80 3 4.0
1827 114 5.1
14 7 2.0
194 146 3.6
905 13 4.0
947 75 2.0
2283 25 4.5
2229 1 3.1
435 84 3.1
857 7 3.0
1875 7 3.0
639 3 4.1
984 73 4.1
1389 128 4.1
899 74 4.0
1549 3 3.0
2253 20 5.0
795 72 3.0
1069 45 3.0
2013 25 5.1
1827 29 1.0
231 26 4.1
560 143 2.5
1621 1 4.0
206 3 4.1
231 7 5.0
1253 1176 4.1
788 1224 3.0
1185 1 4.6
1162 6 5.1
2265 49 2.0
289 45 4.0
1826 3 3.1
1509 122 0.5
592 95 4.0
151 5 5.1
1983 55 4.1
1379 1 3.1
2013 35 3.1
600 35 4.1
1523 565 2.6
1544 26 5.0
1523 128 3.5
317 45 5.0
213 19 3.1
1523 157 1.6
1295 27 5.0
1627 95 4.0
10 84 2.1
2240 27 4.0
2209 155 3.5
1678 1 5.0
2033 43 4.6
1143 42 2.6
1758 41 4.0
1647 45 3.6
2173 990 1.0
2114 128 4.0
55 45 4.6
1523 7 3.0
1691 31 3.0
336 1 4.0
888 73 2.1
217 45 4.0
2232 13 4.1
1846 20 4.1
370 128 3.6
1515 84 3.0
1752 5 5.1
246 7 4.0
1582 1272 5.1
1225 181 5.0
1912 803 3.5
2234 20 3.0
2083 84 4.0
766 27 4.6
605 128 4.5
2283 95 4.0
1247 22 3.1
370 5 4.1
636 22 3.1
947 45 3.0
788 131 3.6
1737 3 3.1
433 11 3.1
942 134 0.5
1159 25 2.1
833 1 5.1
950 1 5.0
493 7 3.1
1319 5 3.0
1328 1 5.0
875 5 5.0
1610 7 3.0
1422 1 4.1
687 1 4.1
1686 8 3.0
241 31 2.5
1827 74 3.0
1231 26 5.0
801 132 3.0
1968 128 4.0
13 1 5.1
1572 1063 2.6
42 20 3.5
1064 8 4.1
1990 43 2.1
1567 30 3.0
1162 5 5.0
565 181 2.0
1931 72 3.1
30 6 4.1
18 75 3.0
1993 26 5.1
369 25 5.1
493 5 5.1
2083 45 4.5
1101 26 4.1
2121 35 5.1
256 61 5.0
1998 128 5.0
1430 63 3.0
1064 7 5.0
2139 2 5.1
2234 1 5.0
175 74 4.0
1775 7 3.1
241 74 2.1
1766 6 3.0
523 26 4.0
1354 100 1.1
365 1 4.0
1737 5 4.1
1160 23 5.0
2271 1 5.0
1530 69 4.0
1178 44 5.0
1973 35 4.6
461 26 5.1
1956 45 3.1
1441 8 3.0
882 1 3.0
1279 128 4.1
901 128 4.5
1991 1 4.1
1715 1 5.1
838 5 3.1
1369 1 5.0
2185 29 3.1
1722 1 3.1
1239 11 3.0
1031 26 4.1
60 1009 3.6
2142 20 4.1
1185 7 4.5
1674 42 2.1
2163 45 4.0
2236 35 2.0
1538 15 4.0
517 5 5.1
43 7 4.0
580 7 3.0
382 128 4.1
506 74 3.5
1799 6 1.0
609 3 3.1
1627 84 4.0
1645 1 4.0
543 64 3.1
1347 74 2.6
1879 63 3.1
60 25 3.5
1228 44 4.0
1291 26 5.1
1398 7 3.1
928 68 4.0
1544 42 2.1
1406 27 4.1
1665 1 5.1
72 7 3.1
415 26 4.0
1863 1063 4.0
854 26 3.0
359 43 4.0
30 7 3.1
1313 1 4.0
510 42 3.1
60 128 4.5
88 131 2.0
2265 155 3.6
1234 1 4.6
1864 24 1.0
1357 1 3.6
2052 128 3.0
1658 6 3.1
1220 45 4.5
740 1 5.0
998 836 4.1
2066 41 4.1
1116 39 3.0
908 26 4.0
617 41 4.1
216 39 2.0
1534 45 3.1
1900 1 3.0
924 1 4.1
1579 6 3.1
1465 3 5.0
1827 35 3.0
1297 2 5.1
42 11 3.1
1069 128 5.1
323 42 0.6
1010 8 3.0
319 1227 2.5
1951 122 0.5
2117 26 5.0
1115 45 3.0
634 1233 4.1
154 128 4.5
2023 26 5.1
1970 803 3.6
2083 128 4.1
1691 49 4.0
1900 128 5.1
520 66 5.1
126 27 4.0
175 9 3.1
1019 19 5.0
1950 155 3.6
893 1 4.5
1347 49 4.6
15 44 4.0
1505 5 3.6
5 1 4.0
2138 1 5.1
1906 803 5.1
275 7 4.1
1942 1 4.0
2020 3 4.0
214 63 1.1
1734 23 3.1
2142 4 5.1
1487 43 4.0
1666 25 5.1
1889 7 3.1
1724 66 5.1
2141 31 3.0
1647 121 3.1
1431 909 3.6
1523 42 3.1
1959 7 1.0
191 27 2.5
2258 6 3.0
1250 1 4.1
1026 24 2.0
1743 8 5.0
904 3 2.0
1645 1224 2.0
831 7 4.5
1783 6 3.0
799 35 5.0
1440 11 3.0
733 1 4.0
2107 178 3.5
2276 3 3.1
1970 166 3.0
1287 1105 4.5
723 128 4.0
878 1 4.1
186 20 5.1
742 66 2.0
899 1227 4.0
1834 1 4.0
368 7 5.0
1623 84 3.6
264 31 3.0
812 1 4.0
676 13 3.1
968 131 3.6
1108 6 3.6
75 20 3.5
1104 1 4.0
518 35 2.1
92 104 3.5
296 9 2.1
1997 75 3.1
329 20 4.1
388 35 4.1
400 26 3.5
968 128 4.0
464 68 5.0
1252 11 2.1
1407 6 3.0
908 143 3.5
888 74 2.1
60 53 2.0
780 43 3.1
1544 72 4.0
893 178 5.1
1605 5 4.0
560 166 4.6
1968 7 3.5
1731 45 5.1
60 43 3.6
468 35 4.0
1193 17 3.0
1931 35 3.1
46 23 2.1
60 9 3.5
1350 45 5.1
332 100 4.0
1467 46 4.0
60 1105 3.6
1372 35 3.0
150 26 4.0
1000 8 2.1
1553 7 4.0
2296 5 3.0
1300 45 4.5
1649 84 3.1
1749 35 4.1
671 7 4.1
1295 26 5.0
194 26 4.1
1573 84 2.0
2230 178 4.0
1481 45 3.0
303 6 4.1
1575 26 5.1
1158 26 4.0
999 24 4.0
1379 8 4.1
1739 128 4.1
1220 27 4.5
984 111 3.0
2139 42 3.1
1937 128 4.1
443 33 2.0
1827 66 5.1
945 1 2.6
1143 45 4.1
2171 6 2.0
1810 35 4.1
1359 5 5.1
1809 58 4.1
1215 143 3.0
1432 26 5.0
596 5 4.1
832 135 0.6
298 7 3.6
226 45 3.0
781 26 4.0
1864 20 2.0
2234 128 4.6
60 129 2.1
351 45 4.0
1734 117 3.0
749 836 4.0
1516 43 5.0
716 63 4.1
2056 7 3.0
942 1105 3.6
75 127 3.1
1641 27 3.1
2045 181 4.0
1176 7 4.1
2301 31 2.0
1359 49 2.1
547 43 3.0
1820 45 3.6
513 25 5.1
92 20 3.5
